SKU	Weight ACT (Kg)	WT ACT (LB)	WT DECL (LB)	Length (inch)	Width (inch)	Height (Inch)	Length (CM)	Width (CM)	Height (CM)	CBM	CTN L (CM)	CTN W (CM)	CTN H (CM)	CTN (CBM)	CTN (QTY)	CTN (CBM/Each)	CBM (E)	CTN Weight (KG)
CS 04 2W	0	2.4	5	12.7	6.8	3.3	32.26	17.27	8.38	0.0047	0	0	0	0	0	0	0	0
CS 04 2W 4PCS	0	4.8	0				32.26	17.27	16.76	0.0093	0	0	0	0	0	0	0	0
CS 04 2W WoG	0	2.4	5	12.7	6.8	3.3	32.26	17.27	8.38	0.0047	0	0	0	0	0	0	0	0
CS 04 2W WoG 4PCS	0	4.8	0				32.26	17.27	16.76	0.0093	0	0	0	0	0	0	0	0
CS 05 2W	0	2.4	5	14.3	7.7	4	32.26	17.27	8.38	0.0072	0	0	0	0	0	0	0	0
CS 05 2W 4PCS	0	4.8	0				32.26	17.27	16.76	0.0144	0	0	0	0	0	0	0	0
CS 05 2W WoG	0	2.4	5	14.3	7.7	4	32.26	17.27	8.38	0.0072	0	0	0	0	0	0	0	0
CS 05 2W WoG 4PCS	0	4.8	0				32.26	17.27	16.76	0.0144	0	0	0	0	0	0	0	0
CS 06 2W	0	2.4	5	15	7.9	4	32.26	17.27	8.38	0.0078	0	0	0	0	0	0	0	0
CS 06 2W WoG	0	2.4	5	15	7.9	4	32.26	17.27	8.38	0.0078	0	0	0	0	0	0	0	0
CS 06 2W WoG 4PCS	0	4.8	0				32.26	17.27	16.76	0.0155	0	0	0	0	0	0	0	0
WF 6.5 100 PP 4OHM	0	4.8	5	8	8	4.8	32.26	17.27	16.76	0.005	0	0	0	0	0	0	0	0
WF 6.5 100 PP 4OHM 2PCS	0	4.8	10	8	8	9.6	32.26	17.27	16.76	0.0101	0	0	0	0	0	0	0	0
WF 672 1 PC	0	2.4	5				32.26	17.27	8.38	0.0019	0	0	0	0	0	0	0	0
WF 672 2 PCS	0	2.4	5				32.26	17.27	8.38	0.0039	0	0	0	0	0	0	0	0
WF 672 PP	0	2.4	5				32.26	17.27	8.38	0.0017	0	0	0	0	0	0	0	0
WF 8 120 PP 4OHM	0	4.8	5.2	9.6	9.6	5.5	32.26	17.27	16.76	0.0083	0	0	0	0	0	0	0	0
WF 8 120 PP 4OHM 2PCS	0	4.8	5.2	9.6	9.6	5.5	32.26	17.27	16.76	0.0083	0	0	0	0	0	0	0	0
WF 8"-890 1PC	0	2.4	5	8.5	8	4	32.26	17.27	8.38	0.0045	0	0	0	0	0	0	0	0
WF 8"-890 2PC	0	4.8	5	8.5	8	8	32.26	17.27	16.76	0.0089	0	0	0	0	0	0	0	0
WF 8"-890 4PC	0	4.8	20	8.5	8	16	32.26	17.27	16.76	0.0178	0	0	0	0	0	0	0	0
WF 8120 2PCS 4 OHM	0	4.8	20	9.6	9.6	11	32.26	17.27	16.76	0.0166	0	0	0	0	0	0	0	0
WF 890G GR	0	2.4	5				32.26	17.27	8.38	0.0044	0	0	0	0	0	0	0	0
FR 10 185 AL 4OHMS	0	4.8	20	11	11	6	32.26	17.27	16.76	0.0119	0	0	0	0	0	0	0	0
WF 10 140 PP 4OHM	0	4.8	10	11.5	11.5	6.3	32.26	17.27	16.76	0.0137	0	0	0	0	0	0	0	0
WF 10 140 PP 4OHM 2PCS	0	4.8	20	11.5	11.5	12.6	32.26	17.27	16.76	0.0273	0	0	0	0	0	0	0	0
WF 10120 4OHM	0	4.8	5	10.5	10.5	5	32.26	17.27	16.76	0.009	0	0	0	0	0	0	0	0
WF 10120 4OHM 2PCS	0	4.8	11	10.5	10.5	10	32.26	17.27	16.76	0.0181	0	0	0	0	0	0	0	0
WF 10140 4OHM	0	4.8	0	0	0	0	32.26	17.27	16.76	0.0137	0	0	0	0	0	0	0	0
WF 10140 4OHM 2PCS	0	4.8	0	0	0	0	32.26	17.27	16.76	0.0273	0	0	0	0	0	0	0	0
FR 10 185 AL 8OHMS	0	4.8	20	11	11	6	32.26	17.27	16.76	0.0119	0	0	0	0	0	0	0	0
GSP 1030 16	0	4.8	0	0	0	0	32.26	17.27	16.76	0.0132	0	0	0	0	0	0	0	0
GSP 1030 8	0	4.8	0	0	0	0	32.26	17.27	16.76	0.0135	0	0	0	0	0	0	0	0
WF 10120 4OHM GTR	0	4.8	10.5	10.5	10.5	10	32.26	17.27	16.76	0.009	0	0	0	0	0	0	0	0
WF 10120 8OHM GTR	0	4.8	0	10.5	10.5	10	32.26	17.27	16.76	0.009	0	0	0	0	0	0	0	0
WF 12 156 4OHM	0	4.8	20				32.26	17.27	16.76	0.0206	0	0	0	0	0	0	0	0
WF 12 156 4OHM 2PCS	0	21.3	21.3				0	0	0	0.0412	0	0	0	0	0	0	0	0
WF 12120 4OHM	0	4.8	5	21.5	6.8	6.5	32.26	17.27	16.76	0.0156	0	0	0	0	0	0	0	0
WF 12120 4OHMS 2PCS	0	4.8	10	21.5	6.8	6.5	32.26	17.27	16.76	0.0156	0	0	0	0	0	0	0	0
WF 12140 4OHM	0	4.8	7	12.75	12.5	6.5	32.26	17.27	16.76	0.017	0	0	0	0	0	0	0	0
WF 12140 4OHM 2PCS	0	4.8	14.01	12.5	12.75	13	32.26	17.27	16.76	0.034	0	0	0	0	0	0	0	0
GSP 12150 16	0	4.8	0	0	0	0	32.26	17.27	16.76	0.0209	0	0	0	0	0	0	0	0
GSP 12150 8	0	4.8	0	0	0	0	32.26	17.27	16.76	0.0206	0	0	0	0	0	0	0	0
SP 12120 4OHM GTR	0	4.8	10	13.8	13.8	6.5	32.26	17.27	16.76	0.0203	0	0	0	0	0	0	0	0
SP 12120 8OHM GTR	0	4.8	20	13	13	6.5	32.26	17.27	16.76	0.018	0	0	0	0	0	0	0	0
SP 12120 4OHMS	0	4.8	10	13.8	13.8	6.5	32.26	17.27	16.76	0.0203	0	0	0	0	0	0	0	0
SP 12120 4OHMS 2PCS	0	4.8	20	13.8	13.8	13	32.26	17.27	16.76	0.0406	0	0	0	0	0	0	0	0
SP 12120 8OHMS	0	4.8	20	13	13	6.5	32.26	17.27	16.76	0.018	0	0	0	0	0	0	0	0
SP 12120 8OHMS 2PCS	0	4.8	20	13.8	13.8	13	32.26	17.27	16.76	0.0406	0	0	0	0	0	0	0	0
WF 12120 8OHMS	0	4.8	5	21.5	6.8	6.5	32.26	17.27	16.76	0.0156	0	0	0	0	0	0	0	0
WF 12120 8OHMS 2PCS	0	4.8	10	21.5	6.8	6.5	32.26	17.27	16.76	0.0156	0	0	0	0	0	0	0	0
WF 15 140 4OHM	0	4.8	20	16	16	6.7	32.26	17.27	16.76	0.0281	0	0	0	0	0	0	0	0
WF 15 140 4OHM 2PCS	0	4.8	20	16	16	6.7	32.26	17.27	16.76	0.0281	0	0	0	0	0	0	0	0
WF 15 156 PP 4OHM	0	4.8	20	17	16.8	7.5	32.26	17.27	16.76	0.0351	0	0	0	0	0	0	0	0
WF 15 156 PP 4OHM 2PCS	0	25.8	25.8	17	16.8	15	0	0	0	0.0702	0	0	0	0	0	0	0	0
FR 15 140 MS	0	4.8	20	16	16	7.5	32.26	17.27	16.76	0.0315	0	0	0	0	0	0	0	0
FR 15 140 MS 2PCS	0	4.8	17.8	16	16	15	32.26	17.27	16.76	0.0629	0	0	0	0	0	0	0	0
FR 15 156	0	0	0				0	0	0	0	0	0	0	0	0	0	0	0
FR 15 170	0	0	0				0	0	0	0	0	0	0	0	0	0	0	0
FR 15190 17 AL	0	4.8	20	17	17	8.8	32.26	17.27	16.76	0.0417	0	0	0	0	0	0	0	0
FR 15200 23 AL	0	20.75	20	17	17	9	0	0	0	0.0426	0	0	0	0	0	0	0	0
FR 15 140 MS GTR	0	4.8	0	16	16	7.5	32.26	17.27	16.76	0.0315	0	0	0	0	0	0	0	0
WF 15 140 4OHM GTR	0	4.8	0	16	16	6.7	32.26	17.27	16.76	0.0281	0	0	0	0	0	0	0	0
WF 15 140 8OHM 2PCS GTR	0	4.8	0	16	16	13.4	32.26	17.27	16.76	0.0562	0	0	0	0	0	0	0	0
WF 15 140 8OHM GTR	0	4.8	20	16	16	6.7	32.26	17.27	16.76	0.0281	0	0	0	0	0	0	0	0
WF 15 140 8OHM	0	4.8	20	16	16	6.7	32.26	17.27	16.76	0.0281	0	0	0	0	0	0	0	0
WF 15 140 8OHM 2PCS	0	4.8	20	16	16	6.7	32.26	17.27	16.76	0.0281	0	0	0	0	0	0	0	0
FR 18 190 AL	0	4.8	20	19	19	8	32.26	17.27	16.76	0.0473	0	0	0	0	0	0	0	0
FR 18 190 MS	0	4.8	20	19	19	8	32.26	17.27	16.76	0.0473	0	0	0	0	0	0	0	0
WF 890 GTR	0	2.4	5	8.5	8	4	32.26	17.27	8.38	0.0045	0	0	0	0	0	0	0	0
A-54	0	2.4	5	12	9	3	32.26	17.27	8.38	0.0053	0	0	0	0	0	0	0	0
A-54 2Pcs	0	4.8	5	12	9	6	32.26	17.27	16.76	0.0106	0	0	0	0	0	0	0	0
A-54 3PCS	0	4.8	10				32.26	17.27	16.76	0.0159	0	0	0	0	0	0	0	0
alligator 25 pcs	0	0.09	0.25	4	4	0.7	10.16	10.16	1.78	0.0002	0	0	0	0	0	0	0	0
ARM SET 16	0	2.4	5	17	8	3.5	32.26	17.27	8.38	0.0078	0	0	0	0	0	0	0	0
BETA	0	2.4	5	11.8	6.8	3.5	32.26	17.27	8.38	0.0046	0	0	0	0	0	0	0	0
BETA 2Pcs	0	2.4	5	11.8	6.8	7	32.26	17.27	8.38	0.0092	0	0	0	0	0	0	0	0
CDKC11	0	0.09	0.25	2.5	1.3	1.2	10.16	10.16	1.78	0.0001	0	0	0	0	0	0	0	0
1/4M-3/8M Camera Screw 5Pcs	0	0.09	0.25	0.8	0.7	0.7	10.16	10.16	1.78	0	0	0	0	0	0	0	0	0
CAPO BLUE 1Pc	0	0.09	0.25	4	3	1	10.16	10.16	1.78	0.0002	0	0	0	0	0	0	0	0
CAPO GLD	0	0.09	0.25	4	3	1	10.16	10.16	1.78	0.0002	0	0	0	0	0	0	0	0
CAPO RED	0	0.09	0.25	4	3	1	10.16	10.16	1.78	0.0002	0	0	0	0	0	0	0	0
CAPO WH 1Pc	0	0.09	0.25	4	3	1	10.16	10.16	1.78	0.0002	0	0	0	0	0	0	0	0
CAPO BLUE 2 Pcs	0	0.09	0.25	4	3	2	10.16	10.16	1.78	0.0004	0	0	0	0	0	0	0	0
CAPO GLD 2Pcs	0	0.09	0.25	4	3	2	10.16	10.16	1.78	0.0004	0	0	0	0	0	0	0	0
CAPO RED 2Pcs	0	0.09	0.25	4	3	2	10.16	10.16	1.78	0.0004	0	0	0	0	0	0	0	0
CAPO WH 2 Pcs	0	0.09	0.25	4	3	2	10.16	10.16	1.78	0.0004	0	0	0	0	0	0	0	0
CAPO AL BLK	0	0.09	0.25	5	3.5	1	10.16	10.16	1.78	0.0003	0	0	0	0	0	0	0	0
CAPO AL BLU	0	0.09	0.25	5	3.5	1	10.16	10.16	1.78	0.0003	0	0	0	0	0	0	0	0
CAPO AL RED	0	0.09	0.25	5	3.5	1	10.16	10.16	1.78	0.0003	0	0	0	0	0	0	0	0
CAPO AL SLV	0	0.09	0.25	5	3.5	1	10.16	10.16	1.78	0.0003	0	0	0	0	0	0	0	0
CAPO AL YLW	0	0.09	0.25	5	3.5	1	10.16	10.16	1.78	0.0003	0	0	0	0	0	0	0	0
CAPO AL BLK 2PCS	0	0.32	0.5	5	3.5	2	12.7	8.89	2.54	0.0006	0	0	0	0	0	0	0	0
CAPO AL BLU 2PCS	0	0.32	0.5	5	3.5	2	12.7	8.89	2.54	0.0006	0	0	0	0	0	0	0	0
CAPO AL RED 2PCS	0	0.32	0.5	5	3.5	2	12.7	8.89	2.54	0.0006	0	0	0	0	0	0	0	0
CAPO AL SLV 2PCS	0	0.32	0.5	5	3.5	2	12.7	8.89	2.54	0.0006	0	0	0	0	0	0	0	0
CAPO AL YLW 2PCS	0	0.32	0.5	5	3.5	2	12.7	8.89	2.54	0.0006	0	0	0	0	0	0	0	0
CAPO BRWG 4PCS	0	0.32	0.5	4	4	3	12.7	8.89	2.54	0.0008	0	0	0	0	0	0	0	0
CAPO BRWG 8Pcs	0	0.96	0.96	4	4	6	10.16	10.16	15.24	0.0016	0	0	0	0	0	0	0	0
CS 69 2W	0	4.8	20	15.3	11.7	5.3	32.26	17.27	16.76	0.0155	0	0	0	0	0	0	0	0
CS 69 2W 4PCS	0	4.8	0				32.26	17.27	16.76	0.0311	0	0	0	0	0	0	0	0
CS 69 2W WoG	0	4.8	20	15.3	11.7	5.3	32.26	17.27	16.76	0.0155	0	0	0	0	0	0	0	0
CS 69 2W WoG 4PCS	0	4.8	0				32.26	17.27	16.76	0.0311	0	0	0	0	0	0	0	0
CS 69 4W	0	4.8	20	15.3	11.7	5.3	32.26	17.27	16.76	0.0155	0	0	0	0	0	0	0	0
CS 69 4W WoG	0	4.8	20	15.3	11.7	5.3	32.26	17.27	16.76	0.0155	0	0	0	0	0	0	0	0
CS 69 4W WoG 4PCS	0	4.8	0				32.26	17.27	16.76	0.0311	0	0	0	0	0	0	0	0
5C-D26	0	2.4	5	8	4.5	4	32.26	17.27	8.38	0.0024	0	0	0	0	0	0	0	0
5C-D26 2PCS	0	4.8	5	8	5	5	32.26	17.27	16.76	0.0033	0	0	0	0	0	0	0	0
CD 110	0	4.8	5	5	5	3.1	32.26	17.27	16.76	0.0013	0	0	0	0	0	0	0	0
CD 110 2PCS	0	4.8	20	6.2	5	5	32.26	17.27	16.76	0.0025	0	0	0	0	0	0	0	0
CD 135	0	4.8	5	6	6	3.5	32.26	17.27	16.76	0.0021	0	0	0	0	0	0	0	0
CD 135 2PCS	0	4.8	0				32.26	17.27	16.76	0.0041	0	0	0	0	0	0	0	0
CD 90	0	2.4	5	4	4	3	32.26	17.27	8.38	0.0008	0	0	0	0	0	0	0	0
CD 90 2PCS	0	4.8	5	6	4	4	32.26	17.27	16.76	0.0016	0	0	0	0	0	0	0	0
CM 001	0	0.09	0.25	4	4	2	10.16	10.16	1.78	0.0005	0	0	0	0	0	0	0	0
CM 001 2Pcs	0	0.09	0.25	4	4	4	10.16	10.16	1.78	0.001	0	0	0	0	0	0	0	0
CM 001 ADP	0	0.09	0.25	5.1	3.5	1.2	10.16	10.16	1.78	0.0004	0	0	0	0	0	0	0	0
CM 001 ADP 2Pcs	0	0.32	0.5	5.1	3.5	2.4	12.7	8.89	2.54	0.0007	0	0	0	0	0	0	0	0
CM MOB 2M	0	0.09	0.25	10	1	1	10.16	10.16	1.78	0.0002	0	0	0	0	0	0	0	0
CM MOB 2M 2Pcs	0	0.09	0.25	10	1	2	10.16	10.16	1.78	0.0003	0	0	0	0	0	0	0	0
MIC CROWN	0	2.4	5	8.2	4	2.2	32.26	17.27	8.38	0.0012	0	0	0	0	0	0	0	0
CONGO 2 BLK	0	2.4	5	6	6	3	32.26	17.27	8.38	0.0018	0	0	0	0	0	0	0	0
CONGO 2 BLU	0	2.4	5	6	6	3	32.26	17.27	8.38	0.0018	0	0	0	0	0	0	0	0
CONGO 2 GLD	0	2.4	5	6	6	3	32.26	17.27	8.38	0.0018	0	0	0	0	0	0	0	0
CONGO 2 GRN	0	2.4	5	6	6	3	32.26	17.27	8.38	0.0018	0	0	0	0	0	0	0	0
CONGO 2 PRPL	0	2.4	5	6	6	3	32.26	17.27	8.38	0.0018	0	0	0	0	0	0	0	0
CONGO 2 RED	0	2.4	5	6	6	3	32.26	17.27	8.38	0.0018	0	0	0	0	0	0	0	0
CONGO 2 SLV	0	2.4	5	6	6	3	32.26	17.27	8.38	0.0018	0	0	0	0	0	0	0	0
CONGO 2 WH	0	2.4	5	6	6	3	32.26	17.27	8.38	0.0018	0	0	0	0	0	0	0	0
CONGO 2 YLW	0	2.4	5	6	6	3	32.26	17.27	8.38	0.0018	0	0	0	0	0	0	0	0
CONGO 3 BLK	0	2.4	5	6	6	3	32.26	17.27	8.38	0.0018	0	0	0	0	0	0	0	0
CONGO 3 BLU	0	2.4	5	6	6	3	32.26	17.27	8.38	0.0018	0	0	0	0	0	0	0	0
CONGO 3 GLD	0	2.4	5	6	6	3	32.26	17.27	8.38	0.0018	0	0	0	0	0	0	0	0
CONGO 3 GREY	0	2.4	5	6	6	3	32.26	17.27	8.38	0.0018	0	0	0	0	0	0	0	0
CONGO 3 GRN	0	2.4	5	6	6	3	32.26	17.27	8.38	0.0018	0	0	0	0	0	0	0	0
CONGO 3 PRPL	0	2.4	5	6	6	3	32.26	17.27	8.38	0.0018	0	0	0	0	0	0	0	0
CONGO 3 RED	0	2.4	5	6	6	3	32.26	17.27	8.38	0.0018	0	0	0	0	0	0	0	0
CONGO 3 SLV	0	2.4	5	6	6	3	32.26	17.27	8.38	0.0018	0	0	0	0	0	0	0	0
CONGO 3 WH	0	2.4	5	6	6	3	32.26	17.27	8.38	0.0018	0	0	0	0	0	0	0	0
CONGO 3 YLW	0	2.4	5	6	6	3	32.26	17.27	8.38	0.0018	0	0	0	0	0	0	0	0
CONGO 3XP	0	2.4	5	12	9.5	3.5	32.26	17.27	8.38	0.0065	0	0	0	0	0	0	0	0
CONGO 3XP Copperex	0	2.4	5	12	9.5	3.5	32.26	17.27	8.38	0.0065	0	0	0	0	0	0	0	0
NW 04	0	0.09	0.25	5	2.6	1.5	10.16	10.16	1.78	0.0003	0	0	0	0	0	0	0	0
NW 04 2PCS	0	0.32	0.5	5	2.6	3	12.7	8.89	2.54	0.0006	0	0	0	0	0	0	0	0
NW 04 4PCS	0	0.96	0.96	5	2.6	6	10.16	10.16	15.24	0.0013	0	0	0	0	0	0	0	0
NW 05	0	0.09	0.25	4	3.8	2	10.16	10.16	1.78	0.0005	0	0	0	0	0	0	0	0
NW 05 2PCS	0	0.09	0.25	4	3.8	4	10.16	10.16	1.78	0.001	0	0	0	0	0	0	0	0
NW 05 4PCS	0	0.32	0.5	4	3.8	8	12.7	8.89	2.54	0.002	0	0	0	0	0	0	0	0
CSW 10 185 AL 4OHMS	0	4.8	20				32.26	17.27	16.76	0.0119	0	0	0	0	0	0	0	0
MINI TRIPOD MIC STAND	0	0.09	0.25	5	2.5	2.3	10.16	10.16	1.78	0.0005	0	0	0	0	0	0	0	0
MS MINI TRI BLK	0	0.32	0.5	8.3	2.7	1.8	12.7	8.89	2.54	0.0007	0	0	0	0	0	0	0	0
MS MINI TRI CH	0	0.32	0.5	8.3	2.7	1.8	12.7	8.89	2.54	0.0007	0	0	0	0	0	0	0	0
MS RBS CH IN	0	4.8	5	16.5	10.5	10	32.26	17.27	16.76	0.0284	0	0	0	0	0	0	0	0
LS 100	0	4.8	20	37	6.5	5	32.26	17.27	16.76	0.0197	0	0	0	0	0	0	0	0
LS 100 2PCS	0	4.8	20	37	6.5	10	32.26	17.27	16.76	0.0394	0	0	0	0	0	0	0	0
LS 100-6	0	4.8	9	6.5	37	5	32.26	17.27	16.76	0.0197	0	0	0	0	0	0	0	0
LS 110 CRANK	0	24	24	8.15	62	4.2	0	0	0	0.0348	0	0	0	0	0	0	0	0
LS TB35	0	2.4	5	35.5	3.75	1.75	32.26	17.27	8.38	0.0038	0	0	0	0	0	0	0	0
LS TB35 2PCS	0	4.8	20	35.5	3.75	3.6	32.26	17.27	16.76	0.0079	0	0	0	0	0	0	0	0
RACK STAND 12U	0	22.55	20	36.4	11.1	3.9	0	0	0	0.0258	0	0	0	0	0	0	0	0
RACK STAND 16U	0	23.9	20	44.5	10.8	3.5	0	0	0	0.0276	0	0	0	0	0	0	0	0
RACK STAND 9U	0	21.05	20	31	10.8	3.5	0	0	0	0.0192	0	0	0	0	0	0	0	0
DP 200 1 Pcs	0	0.32	0.5	3.5	3.5	1	12.7	8.89	2.54	0.0002	0	0	0	0	0	0	0	0
DP 200 10 Pcs	0	0.96	0.96				10.16	10.16	15.24	0.002	0	0	0	0	0	0	0	0
DP 200 20PCS	0	0.96	0.96	20	3.5	3.5	10.16	10.16	15.24	0.004	0	0	0	0	0	0	0	0
DP 200 2Pcs	0	0.96	0.96	3.5	3.5	2	10.16	10.16	15.24	0.0004	0	0	0	0	0	0	0	0
DP1 50PCS	0	2.4	5	9.5	7	3.5	32.26	17.27	8.38	0.0038	0	0	0	0	0	0	0	0
DPAD COMBO BLK	0	4.8	20	13.5	12	6.5	32.26	17.27	16.76	0.0173	0	0	0	0	0	0	0	0
DPAD COMBO BLU	0	4.8	20	13.5	12	6.5	32.26	17.27	16.76	0.0173	0	0	0	0	0	0	0	0
DPAD COMBO GREY	0	4.8	20	13.5	12	6.5	32.26	17.27	16.76	0.0173	0	0	0	0	0	0	0	0
DPAD COMBO ORG	0	4.8	20	13.5	12	6.5	32.26	17.27	16.76	0.0173	0	0	0	0	0	0	0	0
DU 60W	0	4.8	5	5.5	5.5	5	32.26	17.27	16.76	0.0025	0	0	0	0	0	0	0	0
DFP 04	0	2.4	5	13.5	5.5	4.25	32.26	17.27	8.38	0.0052	0	0	0	0	0	0	0	0
DFP HD	0	0	0				0	0	0	0	0	0	0	0	0	0	0	0
DM 7ACC BLK	0	4.8	20	18	12.5	4.5	32.26	17.27	16.76	0.0166	0	0	0	0	0	0	0	0
DM 7ACC BLU	0	4.8	20	18	12.5	4.5	32.26	17.27	16.76	0.0166	0	0	0	0	0	0	0	0
DM 7ACC GREEN	0	4.8	20	18	12.5	4.5	32.26	17.27	16.76	0.0166	0	0	0	0	0	0	0	0
DM 7ACC RED	0	4.8	20	18	12.5	4.5	32.26	17.27	16.76	0.0166	0	0	0	0	0	0	0	0
DM 7ACC SLV	0	4.8	20	18	12.5	4.5	32.26	17.27	16.76	0.0166	0	0	0	0	0	0	0	0
DM 7ACC YLW	0	4.8	20	18	12.5	4.5	32.26	17.27	16.76	0.0166	0	0	0	0	0	0	0	0
DM E7 BLK	0	4.8	6.2	16	4.5	14.75	32.26	17.27	16.76	0.0174	0	0	0	0	0	0	0	0
DM E7 BLU	0	4.8	6.2	16	4.5	14.75	32.26	17.27	16.76	0.0174	0	0	0	0	0	0	0	0
DM E7 GLD	0	4.8	6.2	16	4.5	14.75	32.26	17.27	16.76	0.0174	0	0	0	0	0	0	0	0
DM E7 GRN	0	4.8	6.2	16	4.5	14.75	32.26	17.27	16.76	0.0174	0	0	0	0	0	0	0	0
DM E7 PRPL	0	4.8	6.2	16	4.5	14.75	32.26	17.27	16.76	0.0174	0	0	0	0	0	0	0	0
DM E7 RED	0	4.8	6.2	16	4.5	14.75	32.26	17.27	16.76	0.0174	0	0	0	0	0	0	0	0
DM E7 SLV	0	4.8	6.2	16	4.5	14.75	32.26	17.27	16.76	0.0174	0	0	0	0	0	0	0	0
DM E7 WH	0	4.8	6.2	16	4.5	14.75	32.26	17.27	16.76	0.0174	0	0	0	0	0	0	0	0
DM E7 YLW	0	4.8	6.2	16	4.5	14.75	32.26	17.27	16.76	0.0174	0	0	0	0	0	0	0	0
DM E9 BLK	0	4.8	7.45	16	4.5	14.75	32.26	17.27	16.76	0.0174	0	0	0	0	0	0	0	0
DM E9 BLU	0	4.8	7.45	16	4.5	14.75	32.26	17.27	16.76	0.0174	0	0	0	0	0	0	0	0
DM E9 GLD	0	4.8	7.45	16	4.5	14.75	32.26	17.27	16.76	0.0174	0	0	0	0	0	0	0	0
DM E9 GRN	0	4.8	7.45	16	4.5	14.75	32.26	17.27	16.76	0.0174	0	0	0	0	0	0	0	0
DM E9 PRPL	0	4.8	7.45	16	4.5	14.75	32.26	17.27	16.76	0.0174	0	0	0	0	0	0	0	0
DM E9 RED	0	4.8	7.45	16	4.5	14.75	32.26	17.27	16.76	0.0174	0	0	0	0	0	0	0	0
DM E9 SLV	0	4.8	7.45	16	4.5	14.75	32.26	17.27	16.76	0.0174	0	0	0	0	0	0	0	0
DM E9 WH	0	4.8	7.45	16	4.5	14.75	32.26	17.27	16.76	0.0174	0	0	0	0	0	0	0	0
DM E9 YLW	0	4.8	7.45	16	4.5	14.75	32.26	17.27	16.76	0.0174	0	0	0	0	0	0	0	0
DM 7RND BLU	0	4.8	20	17.5	12.5	4.3	32.26	17.27	16.76	0.0154	0	0	0	0	0	0	0	0
DM 7RND GREY	0	4.8	20	17.5	12.5	4.3	32.26	17.27	16.76	0.0154	0	0	0	0	0	0	0	0
DM 7RND RED	0	4.8	20	17.5	12.5	4.3	32.26	17.27	16.76	0.0154	0	0	0	0	0	0	0	0
DM 9RND BLK	0	4.8	20	17.8	12.5	4.3	32.26	17.27	16.76	0.0157	0	0	0	0	0	0	0	0
DM 9RND BLU	0	4.8	20	17.8	12.5	4.3	32.26	17.27	16.76	0.0157	0	0	0	0	0	0	0	0
DM 9RND GREY	0	4.8	20	17.8	12.5	4.3	32.26	17.27	16.76	0.0157	0	0	0	0	0	0	0	0
DM 9RND RED	0	4.8	20	17.8	12.5	4.3	32.26	17.27	16.76	0.0157	0	0	0	0	0	0	0	0
DS 01 BLK	0	4.8	20	15.7	13.5	7	32.26	17.27	16.76	0.0243	0	0	0	0	0	0	0	0
DS 01 BLU	0	4.8	20	15.7	13.5	7	32.26	17.27	16.76	0.0243	0	0	0	0	0	0	0	0
DS 01 BR	0	4.8	20	15.7	13.5	7	32.26	17.27	16.76	0.0243	0	0	0	0	0	0	0	0
DS 01 D-GR	0	4.8	20	15.7	13.5	7	32.26	17.27	16.76	0.0243	0	0	0	0	0	0	0	0
DS 01 GR	0	4.8	20	15.7	13.5	7	32.26	17.27	16.76	0.0243	0	0	0	0	0	0	0	0
DS 01 ORG	0	4.8	20	15.7	13.5	7	32.26	17.27	16.76	0.0243	0	0	0	0	0	0	0	0
DS 01 RED	0	4.8	20	15.7	13.5	7	32.26	17.27	16.76	0.0243	0	0	0	0	0	0	0	0
DS 01 WH	0	4.8	20	15.7	13.5	7	32.26	17.27	16.76	0.0243	0	0	0	0	0	0	0	0
DS 01 YLW	0	4.8	20	15.7	13.5	7	32.26	17.27	16.76	0.0243	0	0	0	0	0	0	0	0
DS 01 VLVT BLK	0	4.8	20	15.7	13.5	7	32.26	17.27	16.76	0.0243	0	0	0	0	0	0	0	0
DS BLKCH BLK	0	4.8	20	15	13	7.6	32.26	17.27	16.76	0.0243	0	0	0	0	0	0	0	0
DS BLKCH BLU	0	4.8	20	15	13	7.6	32.26	17.27	16.76	0.0243	0	0	0	0	0	0	0	0
DS BLKCH CML BR	0	4.8	20	15	13	7.6	32.26	17.27	16.76	0.0243	0	0	0	0	0	0	0	0
DS BLKCH RED	0	4.8	20	15	13	7.6	32.26	17.27	16.76	0.0243	0	0	0	0	0	0	0	0
DS BLKCH VEL BLK	0	4.8	20	15	13	7.6	32.26	17.27	16.76	0.0243	0	0	0	0	0	0	0	0
DS BLKCH WH	0	4.8	20	15	13	7.6	32.26	17.27	16.76	0.0243	0	0	0	0	0	0	0	0
DS CH BLK	0	4.8	20	16	13.5	6.8	32.26	17.27	16.76	0.0241	0	0	0	0	0	0	0	0
DS CH BLU	0	4.8	20	16	13.5	6.8	32.26	17.27	16.76	0.0241	0	0	0	0	0	0	0	0
DS CH BR	0	4.8	20	16	13.5	6.8	32.26	17.27	16.76	0.0241	0	0	0	0	0	0	0	0
DS CH GR	0	4.8	20	16	13.5	6.8	32.26	17.27	16.76	0.0241	0	0	0	0	0	0	0	0
DS CH MAGA	0	0	0	0	0	0	0	0	0	0	0	0	0	0	0	0	0	0
DS CH ORG	0	4.8	20	16	13.5	6.8	32.26	17.27	16.76	0.0241	0	0	0	0	0	0	0	0
DS CH RED	0	4.8	20	16	13.5	6.8	32.26	17.27	16.76	0.0241	0	0	0	0	0	0	0	0
DS CH WH	0	4.8	20	16	13.5	6.8	32.26	17.27	16.76	0.0241	0	0	0	0	0	0	0	0
DS CH YLW	0	4.8	20	16	13.5	6.8	32.26	17.27	16.76	0.0241	0	0	0	0	0	0	0	0
DS CH BLK + DPAD COMBO BLK	0	4.8	20	20	16	6.8	32.26	17.27	16.76	0.0357	0	0	0	0	0	0	0	0
DS CH BLK + DPAD COMBO GREY	0	4.8	20	20	16	6.8	32.26	17.27	16.76	0.0357	0	0	0	0	0	0	0	0
DS CH BLU + DPAD COMBO BLU	0	4.8	20	20	16	6.8	32.26	17.27	16.76	0.0357	0	0	0	0	0	0	0	0
DS CH ORG + DPAD COMBO ORG	0	4.8	20	20	16	6.8	32.26	17.27	16.76	0.0357	0	0	0	0	0	0	0	0
DS CH GR REST-LVR	0	21	21	21.5	21	8	0	0	0	0.0592	0	0	0	0	0	0	0	0
DS CH PNK REST-LVR	0	21	21	21.5	21	8	0	0	0	0.0592	0	0	0	0	0	0	0	0
DS CH PRPL REST-LVR	0	21	21	21	21.5	8	0	0	0	0.0592	0	0	0	0	0	0	0	0
DS CH WH REST-LVR	0	21	21	21	21.5	8	0	0	0	0.0592	0	0	0	0	0	0	0	0
DS GT BLK-VEL	0	4.8	20	22	17.3	7.5	32.26	17.27	16.76	0.0468	0	0	0	0	0	0	0	0
DS GT BLK-VEL BKREST	0	24	24	22.3	22.2	8	0	0	0	0.0649	0	0	0	0	0	0	0	0
DS GT RED-VEL	0	4.8	20	22	17.3	7.5	32.26	17.27	16.76	0.0468	0	0	0	0	0	0	0	0
DS GT RED-VEL BKREST	0	24	24	22.3	22.2	8	0	0	0	0.0649	0	0	0	0	0	0	0	0
DS CH BLK PR HD	0	4.8	20	19.5	18.5	7.4	32.26	17.27	16.76	0.0437	0	0	0	0	0	0	0	0
DS CH BLU PR HD	0	4.8	20	19.5	18.5	7.4	32.26	17.27	16.76	0.0437	0	0	0	0	0	0	0	0
DS CH BR PR HD	0	4.8	20	19.5	18.5	7.4	32.26	17.27	16.76	0.0437	0	0	0	0	0	0	0	0
DS CH GR PR HD	0	4.8	20	19.5	18.5	7.4	32.26	17.27	16.76	0.0437	0	0	0	0	0	0	0	0
DS CH RED PR HD	0	4.8	20	19.5	18.5	7.4	32.26	17.27	16.76	0.0437	0	0	0	0	0	0	0	0
DS BLK PR HD BREST LVR	0	21.2	22	21.5	21	8	0	0	0	0.0592	0	0	0	0	0	0	0	0
DS BLU PR HD BREST LVR	0	21.2	22	21.5	21	8	0	0	0	0.0592	0	0	0	0	0	0	0	0
DS CMLBRW PR HD BREST LVR	0	21.2	22	21.5	21	8	0	0	0	0.0592	0	0	0	0	0	0	0	0
DS GR PR HD BREST LVR	0	21.2	22	21.5	21	8	0	0	0	0.0592	0	0	0	0	0	0	0	0
DS RED PR HD BREST LVR	0	21.2	22	21.5	21	8	0	0	0	0.0592	0	0	0	0	0	0	0	0
DS CH BLK REST-LVR	0	4.8	20	19	15.5	11	32.26	17.27	16.76	0.0531	0	0	0	0	0	0	0	0
DS CH BLU REST-LVR	0	4.8	20	19	15.5	11	32.26	17.27	16.76	0.0531	0	0	0	0	0	0	0	0
DS CH BR REST-LVR	0	4.8	20	19	15.5	11	32.26	17.27	16.76	0.0531	0	0	0	0	0	0	0	0
DS CH RED REST-LVR	0	4.8	20	19	15.5	11	32.26	17.27	16.76	0.0531	0	0	0	0	0	0	0	0
DS CH YLW REST-LVR	0	4.8	20	19	15.5	11	32.26	17.27	16.76	0.0531	0	0	0	0	0	0	0	0
DS CH BLK SDL HD	0	4.8	20	14.6	13.6	7.1	32.26	17.27	16.76	0.0231	0	0	0	0	0	0	0	0
DS CH BLU SDL HD	0	4.8	20	14.6	13.6	7.1	32.26	17.27	16.76	0.0231	0	0	0	0	0	0	0	0
DS CH BR SDL HD	0	4.8	20	14.6	13.6	7.1	32.26	17.27	16.76	0.0231	0	0	0	0	0	0	0	0
DS CH CHERRY SDL HD	0	4.8	20	14.6	13.6	7.1	32.26	17.27	16.76	0.0231	0	0	0	0	0	0	0	0
DS CH D-GR SDL HD	0	4.8	20	14.6	13.6	7.1	32.26	17.27	16.76	0.0231	0	0	0	0	0	0	0	0
DS CH ORG SDL HD	0	4.8	20	14.6	13.6	7.1	32.26	17.27	16.76	0.0231	0	0	0	0	0	0	0	0
DS CH PURPLE SDL HD	0	4.8	20	14.6	13.6	7.1	32.26	17.27	16.76	0.0231	0	0	0	0	0	0	0	0
DS CH RED SDL HD	0	4.8	20	14.6	13.6	7.1	32.26	17.27	16.76	0.0231	0	0	0	0	0	0	0	0
DS CH WH SDL HD	0	4.8	20	14.6	13.6	7.1	32.26	17.27	16.76	0.0231	0	0	0	0	0	0	0	0
DS CH YLW SDL HD	0	4.8	20	14.6	13.6	7.1	32.26	17.27	16.76	0.0231	0	0	0	0	0	0	0	0
DS CH BLK VEL HD	0	4.8	20	15	12.5	7	32.26	17.27	16.76	0.0215	0	0	0	0	0	0	0	0
DS CH BLU VEL HD	0	4.8	20	15	12.5	7	32.26	17.27	16.76	0.0215	0	0	0	0	0	0	0	0
DS CH D-GR VEL HD	0	4.8	20	15	12.5	7	32.26	17.27	16.76	0.0215	0	0	0	0	0	0	0	0
DS CH ORG VEL HD	0	4.8	20	15	12.5	7	32.26	17.27	16.76	0.0215	0	0	0	0	0	0	0	0
DS CH RED VEL HD	0	4.8	20	15	12.5	7	32.26	17.27	16.76	0.0215	0	0	0	0	0	0	0	0
DS CH YLW VEL HD	0	4.8	20	15	12.5	7	32.26	17.27	16.76	0.0215	0	0	0	0	0	0	0	0
DS CH BLK-VEL REST LVR	0	21	21	21.5	21	8	0	0	0	0.0592	0	0	0	0	0	0	0	0
DS CH BLU-VEL REST LVR	0	21	21	21.5	21	8	0	0	0	0.0592	0	0	0	0	0	0	0	0
DS CH BRWN-VEL REST LVR	0	21	21	21.5	21	8	0	0	0	0.0592	0	0	0	0	0	0	0	0
DS CH CHERRY-VEL REST LVR	0	21	21	21.5	21	8	0	0	0	0.0592	0	0	0	0	0	0	0	0
DS CH GR-VEL REST LVR	0	21	21	21.5	21	8	0	0	0	0.0592	0	0	0	0	0	0	0	0
DS CH ORG-VEL REST LVR	0	21	21	21.5	21	8	0	0	0	0.0592	0	0	0	0	0	0	0	0
DS CH PUR-VEL REST LVR	0	21	21	21.5	21	8	0	0	0	0.0592	0	0	0	0	0	0	0	0
DS CH RED-VEL REST LVR	0	21	21	21.5	21	8	0	0	0	0.0592	0	0	0	0	0	0	0	0
DS CH WH-VEL REST LVR	0	21	21	21.5	21	8	0	0	0	0.0592	0	0	0	0	0	0	0	0
DS CH YLW-VEL REST LVR	0	21	21	21.5	21	8	0	0	0	0.0592	0	0	0	0	0	0	0	0
DS VEL BLK REST-SWL	0	22	22	21	21.5	7.5	0	0	0	0.0555	0	0	0	0	0	0	0	0
DS VEL BLU REST-SWL	0	22	22	21	21.5	7.5	0	0	0	0.0555	0	0	0	0	0	0	0	0
DS VEL CMLBRW REST-SWL	0	22	22	21	21.5	7.5	0	0	0	0.0555	0	0	0	0	0	0	0	0
DS VEL GR REST-SWL	0	22	22	21	21.5	7.5	0	0	0	0.0555	0	0	0	0	0	0	0	0
DS VEL RED REST-SWL	0	22	22				0	0	0	0.0555	0	0	0	0	0	0	0	0
DT AH BLU	0	0	0	0	0	0	0	0	0	0	0	0	0	0	0	0	0	0
DT AH BLK	0	0	0	0	0	0	0	0	0	0	0	0	0	0	0	0	0	0
DT AH CHRY	0	0	0	0	0	0	0	0	0	0	0	0	0	0	0	0	0	0
DT AH CML BR	0	0	0	0	0	0	0	0	0	0	0	0	0	0	0	0	0	0
DT AH GRN	0	0	0	0	0	0	0	0	0	0	0	0	0	0	0	0	0	0
DT AH ORG	0	0	0	0	0	0	0	0	0	0	0	0	0	0	0	0	0	0
DT AH RED	0	0	0				0	0	0	0	0	0	0	0	0	0	0	0
DT AH WH	0	0	0	0	0	0	0	0	0	0	0	0	0	0	0	0	0	0
DT AH YLW	0	0	0	0	0	0	0	0	0	0	0	0	0	0	0	0	0	0
DT VEL BLK REST LVR	0	0	0	0	0	0	0	0	0	0	0	0	0	0	0	0	0	0
DT VEL D-BLU REST LVR	0	0	0	0	0	0	0	0	0	0	0	0	0	0	0	0	0	0
DT VEL D-GRN REST LVR	0	0	0	0	0	0	0	0	0	0	0	0	0	0	0	0	0	0
DT VEL D-RED REST LVR	0	0	0	0	0	0	0	0	0	0	0	0	0	0	0	0	0	0
DT VEL PRPL REST LVR	0	0	0	0	0	0	0	0	0	0	0	0	0	0	0	0	0	0
DT WIDE REST BLK	0	0	0				0	0	0	0	0	0	0	0	0	0	0	0
DT WIDE REST BLU	0	0	0				0	0	0	0	0	0	0	0	0	0	0	0
DT WIDE REST BRWN	0	0	0				0	0	0	0	0	0	0	0	0	0	0	0
DT WIDE REST GRN	0	0	0				0	0	0	0	0	0	0	0	0	0	0	0
DT WIDE REST RED	0	0	0				0	0	0	0	0	0	0	0	0	0	0	0
DTL 16PK	0	4.8	20	96	6	4	32.26	17.27	16.76	0.0378	0	0	0	0	0	0	0	0
DTL 4PK	0	4.8	5	6	6	4	32.26	17.27	16.76	0.0024	0	0	0	0	0	0	0	0
EDA 80W BT	0	4.8	20	15.25	14.25	14	32.26	17.27	16.76	0.0499	0	0	0	0	0	0	0	0
ET 1.5FT BLU	0	0.09	0.25	9	7	0.5	10.16	10.16	1.78	0.0005	0	0	0	0	0	0	0	0
ET 20FT BLU	0	4.8	4.5	1	0.4	0.6	32.26	17.27	16.76	0	0	0	0	0	0	0	0	0
EXC BLK 10FT	0	0.32	0.5	9	1.5	0.5	12.7	8.89	2.54	0.0001	0	0	0	0	0	0	0	0
EXC BLK 10FT 2 Pcs	0	0.96	0.96	9	1.5	1	10.16	10.16	15.24	0.0002	0	0	0	0	0	0	0	0
EXC BLK 15FT	0	0.58	0.5	9	1.5	0.5	22.86	3.81	1.27	0.0001	0	0	0	0	0	0	0	0
GFS BLK	0	2.4	5	12	6	1	32.26	17.27	8.38	0.0012	0	0	0	0	0	0	0	0
GFS RED	0	2.4	5	12	6	1	32.26	17.27	8.38	0.0012	0	0	0	0	0	0	0	0
GFS WD	0	2.4	5	12	6	1	32.26	17.27	8.38	0.0012	0	0	0	0	0	0	0	0
GFS WHTE	0	2.4	5	12	6	1	32.26	17.27	8.38	0.0012	0	0	0	0	0	0	0	0
GA 20 BLK NW	0	4.8	20	11.25	11.25	4	32.26	17.27	16.76	0.0083	0	0	0	0	0	0	0	0
GA 20 ORG	0	4.8	20	11	10.5	4.5	32.26	17.27	16.76	0.0085	0	0	0	0	0	0	0	0
GA 20W BLK-WH	0	4.8	20	6.75	11.75	11.3	32.26	17.27	16.76	0.0147	0	0	0	0	0	0	0	0
GA 20W GL BLK	0	4.8	20	13	13	11.3	32.26	17.27	16.76	0.0313	0	0	0	0	0	0	0	0
GA 50 BLK	0	4.8	20	18.5	14.3	9.25	32.26	17.27	16.76	0.0401	0	0	0	0	0	0	0	0
GA 50W GLD-BLK	0	4.8	20	18.5	14.3	9.25	32.26	17.27	16.76	0.0401	0	0	0	0	0	0	0	0
GA 80W GLD-BLK	0	4.8	20	19.2	9.7	16.7	32.26	17.27	16.76	0.051	0	0	0	0	0	0	0	0
G PICK EXH R 12PK	0	0.09	0.25	2.5	2.4	1	10.16	10.16	1.78	0.0001	0	0	0	0	0	0	0	0
G PICK H R 12PK	0	0.09	0.25	2.5	2.4	1	10.16	10.16	1.78	0.0001	0	0	0	0	0	0	0	0
G PICK H WH 12PK	0	0.09	0.25	2.5	2.4	1	10.16	10.16	1.78	0.0001	0	0	0	0	0	0	0	0
G PICK L GR 12PK	0	0.09	0.25	2.5	2.4	1	10.16	10.16	1.78	0.0001	0	0	0	0	0	0	0	0
G PICK L PR 12PK	0	0.09	0.25	2.5	2.4	1	10.16	10.16	1.78	0.0001	0	0	0	0	0	0	0	0
G PICK L R 12PK	0	0.09	0.25	2.5	2.4	1	10.16	10.16	1.78	0.0001	0	0	0	0	0	0	0	0
G PICK L WH 12PK	0	0.09	0.25	2.5	2.4	1	10.16	10.16	1.78	0.0001	0	0	0	0	0	0	0	0
G PICK M PR 12PK	0	0.09	0.25	2.5	2.4	1	10.16	10.16	1.78	0.0001	0	0	0	0	0	0	0	0
GFF TP BLK	0	0.96	0.96	4	4	2	10.16	10.16	15.24	0.0005	0	0	0	0	0	0	0	0
GFF TP BRWN	0	0.96	0.96	4	4	2	10.16	10.16	15.24	0.0005	0	0	0	0	0	0	0	0
GFF TP GRY	0	0.96	0.96	4	4	2	10.16	10.16	15.24	0.0005	0	0	0	0	0	0	0	0
GFF TP WH	0	0.96	0.96	4	4	2	10.16	10.16	15.24	0.0005	0	0	0	0	0	0	0	0
GFF TP BLK 4pcs	0	4.8	3.44	4	4	4	32.26	17.27	16.76	0.001	0	0	0	0	0	0	0	0
GFF TP BRWN 4pcs	0	4.8	3.44	4	4	4	32.26	17.27	16.76	0.001	0	0	0	0	0	0	0	0
GFF TP GRY 4pcs	0	4.8	3.44	4	4	4	32.26	17.27	16.76	0.001	0	0	0	0	0	0	0	0
GFF TP WH 4pcs	0	4.8	3.44	4	4	4	32.26	17.27	16.76	0.001	0	0	0	0	0	0	0	0
GH ABS 1pc	0	0.32	0.5	5.5	3	2	12.7	8.89	2.54	0.0005	0	0	0	0	0	0	0	0
GH ABS 2pcs	0	0.58	0.5				22.86	3.81	1.27	0.0011	0	0	0	0	0	0	0	0
GH ABS 4Pcs	0	2.4	5	11	4	3	32.26	17.27	8.38	0.0022	0	0	0	0	0	0	0	0
GH ABS R 1PC	0	0.58	0.5	7	4	2	22.86	3.81	1.27	0.0009	0	0	0	0	0	0	0	0
GH IRON 2PCS	0	0.32	0.5	5.3	3	3	12.7	8.89	2.54	0.0008	0	0	0	0	0	0	0	0
GH ST 3PCS	0	0.96	0.96	7	6	1	10.16	10.16	15.24	0.0007	0	0	0	0	0	0	0	0
GH WD 2PCS	0	0.09	0.25	5.5	5	2	10.16	10.16	1.78	0.0009	0	0	0	0	0	0	0	0
GRack 3N1	0	4.8	5	21.5	7.5	7	32.26	17.27	16.76	0.0185	0	0	0	0	0	0	0	0
GRack 3N1 OVAL	0	4.8	5	21.6	7.3	5	32.26	17.27	16.76	0.0129	0	0	0	0	0	0	0	0
GRack 5N1	0	4.8	20	30	7.5	4.5	32.26	17.27	16.76	0.0166	0	0	0	0	0	0	0	0
GRack 5N1 OVAL	0	4.8	20	30	7.3	4.9	32.26	17.27	16.76	0.0176	0	0	0	0	0	0	0	0
GRack 7N1	0	4.8	20	39.5	7.5	4.5	32.26	17.27	16.76	0.0218	0	0	0	0	0	0	0	0
GRack 7N1 OVAL	0	4.8	20	39.5	7.3	4.9	32.26	17.27	16.76	0.0232	0	0	0	0	0	0	0	0
GRack 9N1	0	4.8	20	49	7.5	4.5	32.26	17.27	16.76	0.0271	0	0	0	0	0	0	0	0
GRack 9N1 OVAL	0	4.8	20	48.9	7	4.8	32.26	17.27	16.76	0.0269	0	0	0	0	0	0	0	0
GRDNSPK MC GRY 1PC	0	4.8	0				32.26	17.27	16.76	0.0332	0	0	0	0	0	0	0	0
GRDNSPK MC GRY 2PCS	0	4.8	20	24.5	13.5	12.5	32.26	17.27	16.76	0.0678	0	0	0	0	0	0	0	0
GRDNSPK MC GRY 4PCS	0	33.8	20	24.5	13.5	12.5	0	0	0	0.1355	0	0	0	0	0	0	0	0
GRDNSPK MC PEACH 1PC	0	4.8	0				32.26	17.27	16.76	0.0339	0	0	0	0	0	0	0	0
GRDNSPK MC PEACH 2PCS	0	4.8	20	24.5	13.5	12.5	32.26	17.27	16.76	0.0678	0	0	0	0	0	0	0	0
GRDNSPK MC PEACH 4PCS	0	33.8	20	24.5	13.5	12.5	0	0	0	0.1355	0	0	0	0	0	0	0	0
GS AC	0	0.09	0.25	4	4	0.2	10.16	10.16	1.78	0.0001	0	0	0	0	0	0	0	0
GS AC BRSS	0	0.09	0.25	4	2.5	0.2	10.16	10.16	1.78	0	0	0	0	0	0	0	0	0
GS AC BRSS HD	0	0.09	0.25	4.3	4	0.2	10.16	10.16	1.78	0.0001	0	0	0	0	0	0	0	0
GS EL	0	0.09	0.25	4	4	0.2	10.16	10.16	1.78	0.0001	0	0	0	0	0	0	0	0
GS EL BSS 4PCS	0	0.09	0.25	4.7	2.6	2.1	10.16	10.16	1.78	0.0004	0	0	0	0	0	0	0	0
GS EL BSS 5PCS	0	0.32	0.5	9	6	3	12.7	8.89	2.54	0.0027	0	0	0	0	0	0	0	0
GS EL BSS 6PCS	0	0.32	0.5	10.3	6.3	3.3	12.7	8.89	2.54	0.0035	0	0	0	0	0	0	0	0
GS EL NK	0	0.09	0.25	4.5	4.3	0.5	10.16	10.16	1.78	0.0002	0	0	0	0	0	0	0	0
GSTOOL OVAL GR REST	0	4.8	20	38.5	16	5.5	32.26	17.27	16.76	0.0555	0	0	0	0	0	0	0	0
GSTOOL OVAL ORG REST	0	4.8	20	38.5	16	5.5	32.26	17.27	16.76	0.0555	0	0	0	0	0	0	0	0
GSTOOL OVAL PNK REST	0	4.8	20	38.5	16	5.5	32.26	17.27	16.76	0.0555	0	0	0	0	0	0	0	0
GSTOOL RND BLK REST	0	4.8	20	38.5	16	5.5	32.26	17.27	16.76	0.0555	0	0	0	0	0	0	0	0
GSTOOL RND BLU REST	0	4.8	20	38.5	16	5.5	32.26	17.27	16.76	0.0555	0	0	0	0	0	0	0	0
GSTOOL RND GR REST	0	4.8	20	38.5	16	5.5	32.26	17.27	16.76	0.0555	0	0	0	0	0	0	0	0
GSTOOL RND ORG REST	0	4.8	20	38.5	16	5.5	32.26	17.27	16.76	0.0555	0	0	0	0	0	0	0	0
GSTOOL RND PNK REST	0	4.8	20	38.5	16	5.5	32.26	17.27	16.76	0.0555	0	0	0	0	0	0	0	0
GSTOOL RND PRPL REST	0	4.8	20	38.5	16	5.5	32.26	17.27	16.76	0.0555	0	0	0	0	0	0	0	0
GSTOOL RND RED REST	0	4.8	20	38.5	16	5.5	32.26	17.27	16.76	0.0555	0	0	0	0	0	0	0	0
GSTOOL RND WH REST	0	4.8	20	38.5	16	5.5	32.26	17.27	16.76	0.0555	0	0	0	0	0	0	0	0
GSTOOL RND YLW REST	0	4.8	20	38.5	16	5.5	32.26	17.27	16.76	0.0555	0	0	0	0	0	0	0	0
GSH 2N1	0	4.8	5	17.5	11.5	5.2	32.26	17.27	16.76	0.0171	0	0	0	0	0	0	0	0
GSH 3N1	0	4.8	5	17.5	11.5	5.2	32.26	17.27	16.76	0.0171	0	0	0	0	0	0	0	0
GSH HD BLK	0	2.4	5	19.2	8	5.5	32.26	17.27	8.38	0.0138	0	0	0	0	0	0	0	0
GSH HD D-BLU	0	2.4	5	19.2	8	5.5	32.26	17.27	8.38	0.0138	0	0	0	0	0	0	0	0
GSH HD GR	0	2.4	5	19.2	8	5.5	32.26	17.27	8.38	0.0138	0	0	0	0	0	0	0	0
GSH HD RED	0	2.4	5	19.2	8	5.5	32.26	17.27	8.38	0.0138	0	0	0	0	0	0	0	0
GSH HD YLW	0	2.4	5	19.2	8	5.5	32.26	17.27	8.38	0.0138	0	0	0	0	0	0	0	0
GSH HD BLK 2PK	0	4.8	10	19	11	8	32.26	17.27	16.76	0.0274	0	0	0	0	0	0	0	0
GSH HD D-BLU 2PK	0	4.8	10	19	11	8	32.26	17.27	16.76	0.0274	0	0	0	0	0	0	0	0
GSH HD GR 2PK	0	4.8	10	19	11	8	32.26	17.27	16.76	0.0274	0	0	0	0	0	0	0	0
GSH HD RED 2PK	0	4.8	10	19	11	8	32.26	17.27	16.76	0.0274	0	0	0	0	0	0	0	0
GSH HD YLW 2PK	0	4.8	10	19	11	8	32.26	17.27	16.76	0.0274	0	0	0	0	0	0	0	0
GSS BLK	0	2.4	5	13.8	9.2	2.4	32.26	17.27	8.38	0.005	0	0	0	0	0	0	0	0
GSS BLU	0	2.4	5	13.8	9.2	2.4	32.26	17.27	8.38	0.005	0	0	0	0	0	0	0	0
GSS BPNK 1PC	0	2.4	5	13.8	9.2	2.4	32.26	17.27	8.38	0.005	0	0	0	0	0	0	0	0
GSS BR	0	2.4	5	13.8	9.2	2.4	32.26	17.27	8.38	0.005	0	0	0	0	0	0	0	0
GSS RED	0	2.4	5	13.8	9.2	2.4	32.26	17.27	8.38	0.005	0	0	0	0	0	0	0	0
GSS YLW 1PC	0	2.4	5	13.8	9.2	2.4	32.26	17.27	8.38	0.005	0	0	0	0	0	0	0	0
GSS 2N1 BLK	0	4.8	5	20.5	16	3	32.26	17.27	16.76	0.0161	0	0	0	0	0	0	0	0
GSS 2N1 BLU	0	4.8	5	20.5	16	3	32.26	17.27	16.76	0.0161	0	0	0	0	0	0	0	0
GSS 2N1 PGR	0	4.8	5	20.5	16	3	32.26	17.27	16.76	0.0161	0	0	0	0	0	0	0	0
GSS 2N1 PNK	0	4.8	5	20.5	16	3	32.26	17.27	16.76	0.0161	0	0	0	0	0	0	0	0
GSS 2N1 RED	0	4.8	5	20.5	16	3	32.26	17.27	16.76	0.0161	0	0	0	0	0	0	0	0
GSS 2N1 WH	0	4.8	5	20.5	16	3	32.26	17.27	16.76	0.0161	0	0	0	0	0	0	0	0
GSS 2N1 YLW	0	4.8	5	20.5	16	3	32.26	17.27	16.76	0.0161	0	0	0	0	0	0	0	0
GSS BLK 2PCS	0	4.8	5	13.8	14.5	3	32.26	17.27	16.76	0.0098	0	0	0	0	0	0	0	0
GSS BLU 2PCS	0	4.8	5	19	14.5	3	32.26	17.27	16.76	0.0135	0	0	0	0	0	0	0	0
GSS BPNK 2PCS	0	4.8	5	19	14.5	3	32.26	17.27	16.76	0.0135	0	0	0	0	0	0	0	0
GSS BR 2PCS	0	4.8	5	19	14.5	3	32.26	17.27	16.76	0.0135	0	0	0	0	0	0	0	0
GSS RED 2PCS	0	4.8	5	19	14.5	3	32.26	17.27	16.76	0.0135	0	0	0	0	0	0	0	0
GSS YLW 2PCS	0	4.8	5	19	14.5	3	32.26	17.27	16.76	0.0135	0	0	0	0	0	0	0	0
GSS AL BLK	0	2.4	5	13	5.5	2.8	32.26	17.27	8.38	0.0033	0	0	0	0	0	0	0	0
GSS AL SLV	0	2.4	5	13	5.5	2.8	32.26	17.27	8.38	0.0033	0	0	0	0	0	0	0	0
GSS AL BLU	0	2.4	5				32.26	17.27	8.38	0.0033	0	0	0	0	0	0	0	0
GSS AL GLD	0	4.8	5				32.26	17.27	16.76	0.0033	0	0	0	0	0	0	0	0
GSS UKU	0	2.4	5	10	10	1.5	32.26	17.27	8.38	0.0025	0	0	0	0	0	0	0	0
GSS UKU BLU	0	2.4	5	10	10	1.5	32.26	17.27	8.38	0.0025	0	0	0	0	0	0	0	0
GSS UKU GRN	0	2.4	5	10	10	1.5	32.26	17.27	8.38	0.0025	0	0	0	0	0	0	0	0
GSS UKU WH	0	2.4	5	10	10	1.5	32.26	17.27	8.38	0.0025	0	0	0	0	0	0	0	0
GSS UKU YLW	0	2.4	5	10	10	1.5	32.26	17.27	8.38	0.0025	0	0	0	0	0	0	0	0
GSS WD	0	2.4	5	15	4.8	2	32.26	17.27	8.38	0.0024	0	0	0	0	0	0	0	0
GSTOOL BLK	0	4.8	20	37	14	5	32.26	17.27	16.76	0.0424	0	0	0	0	0	0	0	0
GSTOOL BLU	0	4.8	20	37	14	5	32.26	17.27	16.76	0.0424	0	0	0	0	0	0	0	0
GSTOOL GR	0	4.8	20	37	14	5	32.26	17.27	16.76	0.0424	0	0	0	0	0	0	0	0
GSTOOL ORG	0	4.8	20	37	14	5	32.26	17.27	16.76	0.0424	0	0	0	0	0	0	0	0
GSTOOL PNK	0	4.8	20	37	14	5	32.26	17.27	16.76	0.0424	0	0	0	0	0	0	0	0
GSTOOL PRPL	0	4.8	20	37	14	5	32.26	17.27	16.76	0.0424	0	0	0	0	0	0	0	0
GSTOOL RED	0	4.8	20	37	14	5	32.26	17.27	16.76	0.0424	0	0	0	0	0	0	0	0
GSTOOL WH	0	4.8	20	37	14	5	32.26	17.27	16.76	0.0424	0	0	0	0	0	0	0	0
GSTOOL YLW	0	4.8	20	37	14	5	32.26	17.27	16.76	0.0424	0	0	0	0	0	0	0	0
GSTOOL L- BLK	0	4.8	20	37	14	5	32.26	17.27	16.76	0.0424	0	0	0	0	0	0	0	0
GSTOOL L- BLU	0	4.8	20	37	14	5	32.26	17.27	16.76	0.0424	0	0	0	0	0	0	0	0
GSTOOL L- GR	0	4.8	20	37	14	5	32.26	17.27	16.76	0.0424	0	0	0	0	0	0	0	0
GSTOOL L- ORG	0	4.8	20	37	14	5	32.26	17.27	16.76	0.0424	0	0	0	0	0	0	0	0
GSTOOL L- PNK	0	4.8	20	37	14	5	32.26	17.27	16.76	0.0424	0	0	0	0	0	0	0	0
GSTOOL L- PRPL	0	4.8	20	37	14	5	32.26	17.27	16.76	0.0424	0	0	0	0	0	0	0	0
GSTOOL L- RED	0	4.8	20	37	14	5	32.26	17.27	16.76	0.0424	0	0	0	0	0	0	0	0
GSTOOL L- WH	0	4.8	20	37	14	5	32.26	17.27	16.76	0.0424	0	0	0	0	0	0	0	0
GSTOOL L- YLW	0	4.8	20	37	14	5	32.26	17.27	16.76	0.0424	0	0	0	0	0	0	0	0
GAS 01 BLK	0	4.8	5	27	14	2.75	32.26	17.27	16.76	0.017	0	0	0	0	0	0	0	0
HDMI 6F BLK	0	0.09	0.25	7	8	0.3	10.16	10.16	1.78	0.0003	0	0	0	0	0	0	0	0
HISE 15X5 1PC	0	2.4	5	16	16	1.5	32.26	17.27	8.38	0.0063	0	0	0	0	0	0	0	0
HISE 15X5 4Pcs	0	4.8	5	16	16	16	32.26	17.27	16.76	0.0671	0	0	0	0	0	0	0	0
HISE 3X7	0	2.4	5	11	11	5	32.26	17.27	8.38	0.0099	0	0	0	0	0	0	0	0
HISE 3X7 4Pcs	0	4.8	0.99	11	15	5	32.26	17.27	16.76	0.0135	0	0	0	0	0	0	0	0
HISE 4X10 1PC	0	0.96	0.96	11	5.2	4.5	10.16	10.16	15.24	0.0042	0	0	0	0	0	0	0	0
HISE 4X10 4Pcs	0	4.8	0.75	11	18	5.2	32.26	17.27	16.76	0.0169	0	0	0	0	0	0	0	0
ACTIVE HOME 10 2-MIC	0	4.8	20	21	17	12.5	32.26	17.27	16.76	0.0731	0	0	0	0	0	0	0	0
ACTIVE HOME 10 2-MIC 2PCS	0	32.8	33	25	21	17	0	0	0	0.1463	0	0	0	0	0	0	0	0
ACTIVE HOME 8 2-MIC	0	4.8	20	18.5	16.5	10.5	32.26	17.27	16.76	0.0525	0	0	0	0	0	0	0	0
ACTIVE HOME 8 2-MIC 2PCS	0	24	24				0	0	0	0.105	0	0	0	0	0	0	0	0
RH 16	0	4.8	5	16	16	4	32.26	17.27	16.76	0.0168	0	0	0	0	0	0	0	0
TH 22	0	4.8	5	22	18	4	32.26	17.27	16.76	0.026	0	0	0	0	0	0	0	0
TRUMPET 22 + DU60	0	4.8	20	22	22	4	32.26	17.27	16.76	0.0317	0	0	0	0	0	0	0	0
HW 405 BLK	0	2.4	5	8.3	6.5	6	32.26	17.27	8.38	0.0053	0	0	0	0	0	0	0	0
HW 405 BLK 2PCS	0	2.4	5	16.6	6.5	6	32.26	17.27	8.38	0.0106	0	0	0	0	0	0	0	0
HW 405 BLK 4PCS	0	4.8	20	16.5	13	6	32.26	17.27	16.76	0.0211	0	0	0	0	0	0	0	0
HW 405 BLK 8PCS	0	4.8	20	16.5	13	13	32.26	17.27	16.76	0.0457	0	0	0	0	0	0	0	0
HW 405 WH	0	2.4	5	8.3	6.5	6	32.26	17.27	8.38	0.0053	0	0	0	0	0	0	0	0
HW 405 WH 2PCS	0	2.4	5	16.6	6.5	6	32.26	17.27	8.38	0.0106	0	0	0	0	0	0	0	0
HW 405 WH 4PCS	0	4.8	20	33.2	6.5	6	32.26	17.27	16.76	0.0212	0	0	0	0	0	0	0	0
HW 405 WH 8PCS	0	4.8	20	66.4	6.5	6	32.26	17.27	16.76	0.0424	0	0	0	0	0	0	0	0
HW 508 BLK	0	2.4	5	9.5	8.3	6.5	32.26	17.27	8.38	0.0084	0	0	0	0	0	0	0	0
HW 508 BLK 2PCS	0	4.8	10	19	8.3	6.5	32.26	17.27	16.76	0.0168	0	0	0	0	0	0	0	0
HW 508 BLK 4PCS	0	4.8	20	19	16	6.5	32.26	17.27	16.76	0.0324	0	0	0	0	0	0	0	0
HW 508 BLK 8PCS	0	4.8	20	19	16	13	32.26	17.27	16.76	0.0648	0	0	0	0	0	0	0	0
HW 508 WH	0	2.4	5	9.5	8.3	6.5	32.26	17.27	8.38	0.0084	0	0	0	0	0	0	0	0
HW 508 WH 2PCS	0	4.8	10	19	8.3	6.5	32.26	17.27	16.76	0.0168	0	0	0	0	0	0	0	0
HW 508 WH 4PCS	0	4.8	20	38	8.3	6.5	32.26	17.27	16.76	0.0336	0	0	0	0	0	0	0	0
HW 508 WH 8PCS	0	4.8	40	76	8.3	6.5	32.26	17.27	16.76	0.0672	0	0	0	0	0	0	0	0
INSTRU MIC 100 BLK	0	2.4	5	6	6	3	32.26	17.27	8.38	0.0018	0	0	0	0	0	0	0	0
INSTRU MIC 100 GREY	0	2.4	5	6	6	3	32.26	17.27	8.38	0.0018	0	0	0	0	0	0	0	0
INSTRU MIC 200 BLK	0	0.58	0.5	7.8	4.5	2.5	22.86	3.81	1.27	0.0014	0	0	0	0	0	0	0	0
INSTRU MIC 300 BLK	0	0.32	0.5	7.8	4.5	2.5	12.7	8.89	2.54	0.0014	0	0	0	0	0	0	0	0
KS 1X BLK+KBB 02 BLK	0	4.8	20	38	16.5	4.5	32.26	17.27	16.76	0.0462	0	0	0	0	0	0	0	0
KS 1X BLK+KBB 02 BR	0	4.8	0				32.26	17.27	16.76	0.0462	0	0	0	0	0	0	0	0
KS 1X BLU+KBB 02 BLK	0	4.8	20	38	16.5	4.5	32.26	17.27	16.76	0.0462	0	0	0	0	0	0	0	0
KS 1X BPNK+KBB 02 PNK	0	4.8	20	38	16.5	4.5	32.26	17.27	16.76	0.0462	0	0	0	0	0	0	0	0
KS 1X WH+KBB 02 WH	0	4.8	20	38	16.5	4.5	32.26	17.27	16.76	0.0462	0	0	0	0	0	0	0	0
KS 2X BLK+KBB BLK HD	0	4.8	20	39.5	17	2.5	32.26	17.27	16.76	0.0275	0	0	0	0	0	0	0	0
KS 2X BLU+KBB BLK HD	0	4.8	20	39.5	17	2.5	32.26	17.27	16.76	0.0275	0	0	0	0	0	0	0	0
KS 2X BPNK+KBB BPNK HD	0	24.9	20	39.5	23.3	2.5	0	0	0	0.0377	0	0	0	0	0	0	0	0
KS 2X GEAR+KBB 02 BLK	0	4.8	20	39.5	17.2	5.3	32.26	17.27	16.76	0.059	0	0	0	0	0	0	0	0
KS 2X WH+KBB WH HD	0	4.8	20	39.5	17	2.5	32.26	17.27	16.76	0.0275	0	0	0	0	0	0	0	0
KS Z1 BLK HD WHLS+KBB BLK HD	0	24.7	20	22.6	19.3	9.5	0	0	0	0.0679	0	0	0	0	0	0	0	0
KS Z1 BLK HD+KBB BLK HD	0	23.1	20	22.3	19.3	9	0	0	0	0.0635	0	0	0	0	0	0	0	0
KS Z1 BLK+KBB 02 BLK	0	4.8	20	30.5	17	7.5	32.26	17.27	16.76	0.0637	0	0	0	0	0	0	0	0
KS Z1 BPNK + KBB 02 PNK	0	4.8	20	30.5	17	7.5	32.26	17.27	16.76	0.0637	0	0	0	0	0	0	0	0
KS Z1 WH HD WHLS+KBB WH HD	0	24.5	20	22.6	19.3	9.5	0	0	0	0.0679	0	0	0	0	0	0	0	0
KS Z1 WH HD+KBB WH HD	0	22.9	20	22.3	19.3	9	0	0	0	0.0635	0	0	0	0	0	0	0	0
KBB H-ADJ BLK	0	4.8	20	18.5	15	6.5	32.26	17.27	16.76	0.0296	0	0	0	0	0	0	0	0
KBB H-ADJ BR	0	4.8	20	18.5	15	6.5	32.26	17.27	16.76	0.0296	0	0	0	0	0	0	0	0
KBB H-ADJ PNK	0	4.8	20	18.5	15	6.5	32.26	17.27	16.76	0.0296	0	0	0	0	0	0	0	0
KBB H-ADJ WH	0	4.8	20	18.5	15	6.5	32.26	17.27	16.76	0.0296	0	0	0	0	0	0	0	0
KBB BLK HD	0	4.8	20	22.3	13	5.4	32.26	17.27	16.76	0.0257	0	0	0	0	0	0	0	0
KBB BPNK HD	0	4.8	20	23.3	13	5.2	32.26	17.27	16.76	0.0258	0	0	0	0	0	0	0	0
KBB BR HD	0	4.8	20	22.3	13	5.4	32.26	17.27	16.76	0.0257	0	0	0	0	0	0	0	0
KBB WH HD	0	4.8	20	23.3	13	5.2	32.26	17.27	16.76	0.0258	0	0	0	0	0	0	0	0
KBB 02 BLK	0	4.8	20	22.7	12.3	4.7	32.26	17.27	16.76	0.0215	0	0	0	0	0	0	0	0
KBB 02 BR	0	4.8	20	22.7	12.3	4.7	32.26	17.27	16.76	0.0215	0	0	0	0	0	0	0	0
KBB 02 PNK	0	4.8	20	22.7	12.3	4.7	32.26	17.27	16.76	0.0215	0	0	0	0	0	0	0	0
KBB 02 WH	0	4.8	20	22.7	12.3	4.7	32.26	17.27	16.76	0.0215	0	0	0	0	0	0	0	0
KS 1X BLK	0	4.8	5	38	4	4	32.26	17.27	16.76	0.01	0	0	0	0	0	0	0	0
KS 1X BLU	0	4.8	5	40.2	4	2.8	32.26	17.27	16.76	0.0074	0	0	0	0	0	0	0	0
KS 1X BPNK	0	4.8	5	38	4	4	32.26	17.27	16.76	0.01	0	0	0	0	0	0	0	0
KS 1X RED	0	4.8	5	38	4	4	32.26	17.27	16.76	0.01	0	0	0	0	0	0	0	0
KS 1X WH	0	4.8	5	38	4	4	32.26	17.27	16.76	0.01	0	0	0	0	0	0	0	0
KS 2T	0	2.4	5	15	13	2.5	32.26	17.27	8.38	0.008	0	0	0	0	0	0	0	0
KS 2T GEAR	0	4.8	20	21	10.5	5.5	32.26	17.27	16.76	0.0199	0	0	0	0	0	0	0	0
KS 2T PNK	0	2.4	5	15	13	2.5	32.26	17.27	8.38	0.008	0	0	0	0	0	0	0	0
KS 2T WH	0	2.4	5	15	13	2.5	32.26	17.27	8.38	0.008	0	0	0	0	0	0	0	0
KS 2X BLK	0	4.8	20	39.5	4	2.8	32.26	17.27	16.76	0.0072	0	0	0	0	0	0	0	0
KS 2X BLU	0	4.8	20	39.5	4	2.8	32.26	17.27	16.76	0.0072	0	0	0	0	0	0	0	0
KS 2X BPNK	0	4.8	20	39.5	4	2.8	32.26	17.27	16.76	0.0072	0	0	0	0	0	0	0	0
KS 2X GEAR	0	4.8	20	39.5	5.3	4.7	32.26	17.27	16.76	0.0161	0	0	0	0	0	0	0	0
KS 2X HAND	0	4.8	6.53	39	7	3.5	32.26	17.27	16.76	0.0157	0	0	0	0	0	0	0	0
KS 2X RED	0	4.8	20	39.5	4	2.8	32.26	17.27	16.76	0.0072	0	0	0	0	0	0	0	0
KS 2X WH	0	4.8	20	39.5	4	2.8	32.26	17.27	16.76	0.0072	0	0	0	0	0	0	0	0
KS 2X BPNK+ KS 2T PNK	0	4.8	20	41	18	4.5	32.26	17.27	16.76	0.0544	0	0	0	0	0	0	0	0
KS 2X+2T BLK	0	4.8	20	41	18	4.5	32.26	17.27	16.76	0.0544	0	0	0	0	0	0	0	0
KS 2X+2T WH	0	4.8	20	41	18	4.5	32.26	17.27	16.76	0.0544	0	0	0	0	0	0	0	0
KS C 2TD BLK AL	0	4.8	20	48.5	7.8	5.2	32.26	17.27	16.76	0.0322	0	0	0	0	0	0	0	0
KS C 2TD SLV AL	0	4.8	20	48.5	7.8	5.2	32.26	17.27	16.76	0.0322	0	0	0	0	0	0	0	0
KS Z1 ECO BLK WHLS	0	4.8	16.85	19	25	4	32.26	17.27	16.76	0.0311	0	0	0	0	0	0	0	0
KS Z1 ECO BLU WHLS	0	4.8	16.85	19	25	4	32.26	17.27	16.76	0.0311	0	0	0	0	0	0	0	0
KS Z1 ECO RED WHLS	0	4.8	16.85	19	25	4	32.26	17.27	16.76	0.0311	0	0	0	0	0	0	0	0
KS Z1 ECO WH WHLS	0	4.8	16.85	19	25	4	32.26	17.27	16.76	0.0311	0	0	0	0	0	0	0	0
KS PRO 4 BLK	0	4.8	0	0	0	0	32.26	17.27	16.76	0.0536	0	0	0	0	0	0	0	0
KS Z1 BLK	0	4.8	20	30.5	17	3	32.26	17.27	16.76	0.0255	0	0	0	0	0	0	0	0
KS Z1 BLU	0	4.8	20	30.5	17	3	32.26	17.27	16.76	0.0255	0	0	0	0	0	0	0	0
KS Z1 BPNK	0	4.8	20	30.5	17	3	32.26	17.27	16.76	0.0255	0	0	0	0	0	0	0	0
KS Z1 WH	0	4.8	20	30.5	17	3	32.26	17.27	16.76	0.0255	0	0	0	0	0	0	0	0
KS Z1 ECO BLK	0	4.8	15.35	19	25	4	32.26	17.27	16.76	0.0311	0	0	0	0	0	0	0	0
KS Z1 ECO BLU	0	4.8	15.35	19	25	4	32.26	17.27	16.76	0.0311	0	0	0	0	0	0	0	0
KS Z1 ECO RED	0	4.8	15.35	19	25	4	32.26	17.27	16.76	0.0311	0	0	0	0	0	0	0	0
KS Z1 ECO WH	0	4.8	15.35	19	25	4	32.26	17.27	16.76	0.0311	0	0	0	0	0	0	0	0
KS Z1 BLK HD	0	4.8	20	22.3	19.3	3.8	32.26	17.27	16.76	0.0268	0	0	0	0	0	0	0	0
KS Z1 BLU HD	0	4.8	20	22.3	19.3	3.8	32.26	17.27	16.76	0.0268	0	0	0	0	0	0	0	0
KS Z1 BPNK HD	0	4.8	20	22.3	19.3	3.8	32.26	17.27	16.76	0.0268	0	0	0	0	0	0	0	0
KS Z1 RED HD	0	4.8	20	22.3	19.3	3.8	32.26	17.27	16.76	0.0268	0	0	0	0	0	0	0	0
KS Z1 WH HD	0	4.8	20	22.3	19.3	3.8	32.26	17.27	16.76	0.0268	0	0	0	0	0	0	0	0
KS Z1 BLK HD WHLS+2T	0	28.2	35				0	0	0	0.0294	0	0	0	0	0	0	0	0
KS Z1 BLK HD+2T	0	26.6	31				0	0	0	0.0294	0	0	0	0	0	0	0	0
KS Z1 BLK HD WHLS	0	4.8	20	22.6	19.3	4.3	32.26	17.27	16.76	0.0307	0	0	0	0	0	0	0	0
KS Z1 BLU HD WHLS	0	4.8	20	22.6	19.3	4.3	32.26	17.27	16.76	0.0307	0	0	0	0	0	0	0	0
KS Z1 BPNK HD WHLS	0	4.8	20	22.6	19.3	4.3	32.26	17.27	16.76	0.0307	0	0	0	0	0	0	0	0
KS Z1 RED HD WHLS	0	4.8	20	22.6	19.3	4.3	32.26	17.27	16.76	0.0307	0	0	0	0	0	0	0	0
KS Z1 WH HD WHLS	0	4.8	20	22.6	19.3	4.3	32.26	17.27	16.76	0.0307	0	0	0	0	0	0	0	0
LS 120 CRANK 2PCS	0	48	50	63	9	8.3	0	0	0	0.0771	0	0	0	0	0	0	0	0
CDKW03	0	0.32	0.5	6.5	4	3	12.7	8.89	2.54	0.0013	0	0	0	0	0	0	0	0
CDKW04 B	0	0.32	0.5	5	5	1.5	12.7	8.89	2.54	0.0006	0	0	0	0	0	0	0	0
CDKW04 W	0	0.32	0.5	5	5	1.5	12.7	8.89	2.54	0.0006	0	0	0	0	0	0	0	0
CDKW04 WB	0	0.96	0.96				10.16	10.16	15.24	0.0012	0	0	0	0	0	0	0	0
RBS MOB	0	4.8	5	8	5.5	2	32.26	17.27	16.76	0.0014	0	0	0	0	0	0	0	0
RBS MOB BLK	0	0	0	0	0	0	0	0	0	0	0	0	0	0	0	0	0	0
RBS MOB WH	0	0	0	0	0	0	0	0	0	0	0	0	0	0	0	0	0	0
20RF	0	2.4	5	13	9.3	8	32.26	17.27	8.38	0.0158	0	0	0	0	0	0	0	0
20R WoB	0	2.4	5	13	9.5	8	32.26	17.27	8.38	0.0162	0	0	0	0	0	0	0	0
20R-USB WoB	0	2.4	5	13	9.5	8	32.26	17.27	8.38	0.0162	0	0	0	0	0	0	0	0
66SF	0	4.8	5	14.7	10	9.5	32.26	17.27	16.76	0.0229	0	0	0	0	0	0	0	0
77SF	0	4.8	5	16.2	10	9	32.26	17.27	16.76	0.0239	0	0	0	0	0	0	0	0
HW 1	0	0.58	0.5	6.5	4	4	22.86	3.81	1.27	0.0017	0	0	0	0	0	0	0	0
HW 1 BLU	0	0.58	0.5	6.5	4	4	22.86	3.81	1.27	0.0017	0	0	0	0	0	0	0	0
HW 1 SKY BLU	0	0.58	0.5	6.5	4	4	22.86	3.81	1.27	0.0017	0	0	0	0	0	0	0	0
HW 1 YLW	0	0.58	0.5	6.5	4	4	22.86	3.81	1.27	0.0017	0	0	0	0	0	0	0	0
3501 USB	0	4.8	20	18	12	12	32.26	17.27	16.76	0.0425	0	0	0	0	0	0	0	0
4501 USB	0	4.8	20	20.5	14.3	14.3	32.26	17.27	16.76	0.0687	0	0	0	0	0	0	0	0
ER 66BTUC ECO WOB	0	2.4	5				32.26	17.27	8.38	0.0214	0	0	0	0	0	0	0	0
ER 66BTUC GLSY WB	0	4.8	0				32.26	17.27	16.76	0.0214	0	0	0	0	0	0	0	0
ER 66BTUC LGT WB	0	4.8	0				32.26	17.27	16.76	0.0214	0	0	0	0	0	0	0	0
ER 66BTUC MTT WB	0	4.8	0				32.26	17.27	16.76	0.0214	0	0	0	0	0	0	0	0
6R	0	2.4	5	9	5.5	5.5	32.26	17.27	8.38	0.0045	0	0	0	0	0	0	0	0
8R	0	2.4	5	10.3	6.4	6.3	32.26	17.27	8.38	0.0068	0	0	0	0	0	0	0	0
8R RED	0	2.4	5				32.26	17.27	8.38	0.0068	0	0	0	0	0	0	0	0
8R-USB WoB	0	2.4	5	10.3	6.4	6.3	32.26	17.27	8.38	0.0068	0	0	0	0	0	0	0	0
8R-USB-WB	0	2.4	5	10.3	6.4	6.3	32.26	17.27	8.38	0.0068	0	0	0	0	0	0	0	0
HW 18 WP	0	2.4	5	13	10	8.5	32.26	17.27	8.38	0.0181	0	0	0	0	0	0	0	0
HW 18 WP RED	0	2.4	5	13	10	8.5	32.26	17.27	8.38	0.0181	0	0	0	0	0	0	0	0
138 RU	0	2.4	5	9	5.6	5.5	32.26	17.27	8.38	0.0045	0	0	0	0	0	0	0	0
148 LED	0	2.4	5	10.5	10.3	6	32.26	17.27	8.38	0.0106	0	0	0	0	0	0	0	0
PM-286	0	0.96	0.96	11.5	5	3	10.16	10.16	15.24	0.0028	0	0	0	0	0	0	0	0
PM-883	0	0.58	0.5	9	4	3	22.86	3.81	1.27	0.0018	0	0	0	0	0	0	0	0
MS ADP M BLK 3858 12PCS	0	0.09	0.25	6	4	1	10.16	10.16	1.78	0.0004	0	0	0	0	0	0	0	0
MS ADP M BLK 5838 12PCS	0	0.09	0.25	6	4	1	10.16	10.16	1.78	0.0004	0	0	0	0	0	0	0	0
MS ADP M GLD 12PCS	0	0.09	0.25	6	4	1	10.16	10.16	1.78	0.0004	0	0	0	0	0	0	0	0
MS ADP M SLV 38F-58M 12PCS	0	0.09	0.25	6	4	1	10.16	10.16	1.78	0.0004	0	0	0	0	0	0	0	0
MS ADP M SLV 38M-58F 12PCS	0	0.09	0.25	6	4	1	10.16	10.16	1.78	0.0004	0	0	0	0	0	0	0	0
MS ADP M SLV 58-14 12PCS	0	0.09	0.25	6	4	1	10.16	10.16	1.78	0.0004	0	0	0	0	0	0	0	0
MS ADP P BLK 12PCS	0	0.09	0.25	6	4	1	10.16	10.16	1.78	0.0004	0	0	0	0	0	0	0	0
MC 02 2PCS	0	0.09	0.25	6	4	0.5	10.16	10.16	1.78	0.0002	0	0	0	0	0	0	0	0
MC 02 6PCS	0	0.32	0.5	6	4	0.5	12.7	8.89	2.54	0.0002	0	0	0	0	0	0	0	0
MC 04 2PCS	0	0.09	0.25	6	4	0.5	10.16	10.16	1.78	0.0002	0	0	0	0	0	0	0	0
MC 04 5PCS	0	0.58	0.5	6	4	0.5	22.86	3.81	1.27	0.0002	0	0	0	0	0	0	0	0
MC 07 2PCS	0	0.09	0.25	6	4	0.5	10.16	10.16	1.78	0.0002	0	0	0	0	0	0	0	0
MC 07 6PCS	0	0.32	0.5	6	4	0.5	12.7	8.89	2.54	0.0002	0	0	0	0	0	0	0	0
MC 08 2PCS	0	0.09	0.25	6	4	0.5	10.16	10.16	1.78	0.0002	0	0	0	0	0	0	0	0
MC 08 4PCS	0	0.32	0.5	6	4	0.5	12.7	8.89	2.54	0.0002	0	0	0	0	0	0	0	0
MC 123478 6PCS	0	0.32	0.5	6	4	0.5	12.7	8.89	2.54	0.0002	0	0	0	0	0	0	0	0
MC-01 2 PCS	0	0.09	0.25	6	4	0.5	10.16	10.16	1.78	0.0002	0	0	0	0	0	0	0	0
MC-03 2PCS	0	0.09	0.25	6	4	0.5	10.16	10.16	1.78	0.0002	0	0	0	0	0	0	0	0
MC-03 4PCS	0	0.32	0.5	6	4	0.5	12.7	8.89	2.54	0.0002	0	0	0	0	0	0	0	0
ND 807+959	0	4.8	5	13	13	3.6	32.26	17.27	16.76	0.01	0	0	0	0	0	0	0	0
ND-807 CoppereX	0	0.96	0.96	9.8	6	3	10.16	10.16	15.24	0.0029	0	0	0	0	0	0	0	0
ND-959 Elantra	0	2.4	5	9.8	4.5	3	32.26	17.27	8.38	0.0022	0	0	0	0	0	0	0	0
MP 300 RGB	0	0.32	0.5	10.8	10	0.2	12.7	8.89	2.54	0.0004	0	0	0	0	0	0	0	0
MR 6.5 BLT R 4oHM	0	4.8	5	7	7	3	32.26	17.27	16.76	0.0024	0	0	0	0	0	0	0	0
MR 6.5 BLT R 4oHM 2PCS	0	4.8	20	7	7	6	32.26	17.27	16.76	0.0048	0	0	0	0	0	0	0	0
MR 6.5 BLT R 8oHM	0	4.8	5	7.7	7.7	4.5	32.26	17.27	16.76	0.0044	0	0	0	0	0	0	0	0
MR 6.5 BLT R 8oHM 2PCS	0	4.8	20	7	7	6	32.26	17.27	16.76	0.0048	0	0	0	0	0	0	0	0
MR 8 BLT R 4oHM	0	4.8	20	8.8	8.5	3.8	32.26	17.27	16.76	0.0047	0	0	0	0	0	0	0	0
MR 8 BLT R 4oHM 2PCS	0	4.8	20	9	9	8	32.26	17.27	16.76	0.0106	0	0	0	0	0	0	0	0
MR 8 BLT R 8oHM	0	4.8	5	9	9	4	32.26	17.27	16.76	0.0053	0	0	0	0	0	0	0	0
MR 8 BLT R 8oHM 2PCS	0	4.8	20	9	9	8	32.26	17.27	16.76	0.0106	0	0	0	0	0	0	0	0
MR 6.5-4oHM +TW BLT 400 X2PAIR	0	4.8	0	0	0	0	32.26	17.27	16.76	0.0151	0	0	0	0	0	0	0	0
MR 6.5-8oHM +TW BLT 400 X2PAIR	0	4.8	0	0	0	0	32.26	17.27	16.76	0.0151	0	0	0	0	0	0	0	0
MR6.5-4oHMX2Pcs+TW-BULLET180X2Pcs	0	4.8	20	10	7	7	32.26	17.27	16.76	0.008	0	0	0	0	0	0	0	0
MR6.5-8oHMX2PCS+TW BLT 180X2PCS	0	0	0	0	0	0	0	0	0	0	0	0	0	0	0	0	0	0
MS 080	0	4.8	5	31	4.3	3.6	32.26	17.27	16.76	0.0079	0	0	0	0	0	0	0	0
MS 080 D-BLU	0	4.8	5	31	4.3	4	32.26	17.27	16.76	0.0087	0	0	0	0	0	0	0	0
MS 080 RED	0	4.8	5	31	4.3	3.6	32.26	17.27	16.76	0.0079	0	0	0	0	0	0	0	0
MS 080 SKY BLU	0	4.8	5	31	4.3	4	32.26	17.27	16.76	0.0087	0	0	0	0	0	0	0	0
MS 080 WH	0	4.8	5	31	4.3	3.6	32.26	17.27	16.76	0.0079	0	0	0	0	0	0	0	0
MS 080 YLW	0	4.8	5	31	4.3	3.6	32.26	17.27	16.76	0.0079	0	0	0	0	0	0	0	0
MS 080 2PCS	0	4.8	10	31	8.6	7.2	32.26	17.27	16.76	0.0315	0	0	0	0	0	0	0	0
MS 080 D-BLU 2PCS	0	4.8	10	31	8.6	4	32.26	17.27	16.76	0.0175	0	0	0	0	0	0	0	0
MS 080 RED 2 PCS	0	4.8	10	31	8.6	3.6	32.26	17.27	16.76	0.0157	0	0	0	0	0	0	0	0
MS 080 SKY BLU 2 PCS	0	4.8	10	31	8.6	4	32.26	17.27	16.76	0.0175	0	0	0	0	0	0	0	0
MS 080 WH 2 PCS	0	4.8	10				32.26	17.27	16.76	0.0315	0	0	0	0	0	0	0	0
MS 080 YLW 2PC	0	4.8	10	31	8.6	3.6	32.26	17.27	16.76	0.0157	0	0	0	0	0	0	0	0
MS 080 4Pcs	0	4.8	20	32.2	12	4	32.26	17.27	16.76	0.0253	0	0	0	0	0	0	0	0
MS 080 D-BLU 4PCS	0	4.8	20	31	17.2	4	32.26	17.27	16.76	0.035	0	0	0	0	0	0	0	0
MS 080 RED 4PC	0	4.8	20	31	17.2	3.6	32.26	17.27	16.76	0.0315	0	0	0	0	0	0	0	0
MS 080 SKY BLU 4PC	0	4.8	20	31	17.2	4	32.26	17.27	16.76	0.035	0	0	0	0	0	0	0	0
MS 080 WH 4PC	0	4.8	20	31	17.2	3.6	32.26	17.27	16.76	0.0315	0	0	0	0	0	0	0	0
MS 080 YLW 4PC	0	4.8	20	31	17.2	3.6	32.26	17.27	16.76	0.0315	0	0	0	0	0	0	0	0
MS DBL	0	4.8	5	31	4	3.5	32.26	17.27	16.76	0.0071	0	0	0	0	0	0	0	0
MS DBL G D-BLU	0	4.8	5	31	4	3.5	32.26	17.27	16.76	0.0071	0	0	0	0	0	0	0	0
MS DBL G RED	0	4.8	5	31	4	3.5	32.26	17.27	16.76	0.0071	0	0	0	0	0	0	0	0
MS DBL G SKY BLU	0	4.8	5	30.5	4	3.5	32.26	17.27	16.76	0.007	0	0	0	0	0	0	0	0
MS DBL G WH	0	4.8	5	31	4	3.5	32.26	17.27	16.76	0.0071	0	0	0	0	0	0	0	0
MS DBL G YLW	0	4.8	5	31	4	3.5	32.26	17.27	16.76	0.0071	0	0	0	0	0	0	0	0
MS DBL 2 PCS	0	4.8	5	31	4	7	32.26	17.27	16.76	0.0142	0	0	0	0	0	0	0	0
MS DBL G D-BLU 2 PCS	0	4.8	5	31	4	3.5	32.26	17.27	16.76	0.0071	0	0	0	0	0	0	0	0
MS DBL G RED 2 PCS	0	4.8	5	31	4	7	32.26	17.27	16.76	0.0142	0	0	0	0	0	0	0	0
MS DBL G SKY BLU 2 PCS	0	4.8	5	30.5	4	5	32.26	17.27	16.76	0.01	0	0	0	0	0	0	0	0
MS DBL G WH 2 PCS	0	4.8	5	31	4	7	32.26	17.27	16.76	0.0142	0	0	0	0	0	0	0	0
MS DBL G YLW 2PCS	0	4.8	6.6	31	4	7	32.26	17.27	16.76	0.0142	0	0	0	0	0	0	0	0
MS DBL 4PCS	0	4.8	20	30.5	16	4	32.26	17.27	16.76	0.032	0	0	0	0	0	0	0	0
MS DBL G D-BLU 4pcs	0	4.8	20				32.26	17.27	16.76	0.0284	0	0	0	0	0	0	0	0
MS DBL G RED 4pcs	0	4.8	20				32.26	17.27	16.76	0.0284	0	0	0	0	0	0	0	0
MS DBL G SKY BLU 4pcs	0	4.8	20				32.26	17.27	16.76	0.0284	0	0	0	0	0	0	0	0
MS DBL G WH 4pcs	0	4.8	20				32.26	17.27	16.76	0.0284	0	0	0	0	0	0	0	0
MS DBL G YLW 4PCS	0	4.8	20	31	4	14	32.26	17.27	16.76	0.0284	0	0	0	0	0	0	0	0
MS DBL S	0	2.4	5	17	4	4	32.26	17.27	8.38	0.0045	0	0	0	0	0	0	0	0
MS MOB	0	4.8	5	31	4	3.8	32.26	17.27	16.76	0.0077	0	0	0	0	0	0	0	0
MS RBL	0	4.8	20	36.7	11.5	2	32.26	17.27	16.76	0.0138	0	0	0	0	0	0	0	0
MS RBL 2PCS	0	4.8	20	36.7	23	2	32.26	17.27	16.76	0.0277	0	0	0	0	0	0	0	0
MS RBL 3T	0	4.8	20	18.4	11.2	2.4	32.26	17.27	16.76	0.0081	0	0	0	0	0	0	0	0
MS RBL 3T 2PCS	0	4.8	20	18.4	22.4	2.4	32.26	17.27	16.76	0.0162	0	0	0	0	0	0	0	0
MS RBL HND CLCH	0	4.8	20	46.2	11.7	2.5	32.26	17.27	16.76	0.0221	0	0	0	0	0	0	0	0
MS RBL HND CLCH 2PCS	0	22.4	20	46.2	11.7	2.5	0	0	0	0.0221	0	0	0	0	0	0	0	0
MS RBP 3T	0	4.8	20	18.6	10.7	3.2	32.26	17.27	16.76	0.0104	0	0	0	0	0	0	0	0
MS RBP 3T 2PCS	0	4.8	20	18.6	21.4	3.2	32.26	17.27	16.76	0.0209	0	0	0	0	0	0	0	0
MS RBP 3T GSE	0	4.8	20	18.6	10.7	3.2	32.26	17.27	16.76	0.0104	0	0	0	0	0	0	0	0
MS RBP 3T GSE 2PCS	0	4.8	20	18.6	21.4	3.2	32.26	17.27	16.76	0.0209	0	0	0	0	0	0	0	0
MS RBP5	0	4.8	20	34.7	11	2.7	32.26	17.27	16.76	0.0169	0	0	0	0	0	0	0	0
MS RBP5 2PCS	0	4.8	20	34.7	22	2.7	32.26	17.27	16.76	0.0338	0	0	0	0	0	0	0	0
MS SQBL	0	0	0	0	0	0	0	0	0	0	0	0	0	0	0	0	0	0
MSSB	0	4.8	5	15	6.5	2.5	32.26	17.27	16.76	0.004	41.5	38	35	0.055195	12	0.004599583	0	21
MSSB W	0	4.8	5	15	6.5	2.5	32.26	17.27	16.76	0.004	41.5	38	35	0.055195	12	0.004599583	0	21
MUS BLU	0	4.8	20	21.5	8	4	32.26	17.27	16.76	0.0113	0	0	0	0	0	0	0	0
MUS PNK	0	4.8	20	21.5	8	4	32.26	17.27	16.76	0.0113	0	0	0	0	0	0	0	0
MUS WH	0	4.8	20	21.5	8	4	32.26	17.27	16.76	0.0113	0	0	0	0	0	0	0	0
MUS YLW	0	4.8	20	21.5	8	4	32.26	17.27	16.76	0.0113	0	0	0	0	0	0	0	0
MUS FLD 4S BLK	0	2.4	5	21	3.7	3.3	32.26	17.27	8.38	0.0042	0	0	0	0	0	0	0	0
MUS FLD 4S BLK WLGT	0	2.4	5	21	3.7	3.3	32.26	17.27	8.38	0.0042	0	0	0	0	0	0	0	0
MUS FLD 4S BLU	0	2.4	5	21	3.7	3.3	32.26	17.27	8.38	0.0042	0	0	0	0	0	0	0	0
MUS FLD 4S BLU WLGT	0	2.4	5	21	3.7	3.3	32.26	17.27	8.38	0.0042	0	0	0	0	0	0	0	0
MUS FLD 4S PNK	0	2.4	5	21	3.7	3.3	32.26	17.27	8.38	0.0042	0	0	0	0	0	0	0	0
MUS FLD 4S PNK WLGT	0	2.4	5	21	3.7	3.3	32.26	17.27	8.38	0.0042	0	0	0	0	0	0	0	0
MUS FLD 4S WH	0	2.4	5	21	3.7	3.3	32.26	17.27	8.38	0.0042	0	0	0	0	0	0	0	0
MUS FLD 4S WH WLGT	0	2.4	5	21	3.7	3.3	32.26	17.27	8.38	0.0042	0	0	0	0	0	0	0	0
MUS FLD BLK	0	2.4	5	20	3.6	3.2	32.26	17.27	8.38	0.0038	0	0	0	0	0	0	0	0
MUS FLD BLU	0	2.4	5	20	3.6	3.2	32.26	17.27	8.38	0.0038	0	0	0	0	0	0	0	0
MUS FLD GR	0	2.4	5	20	3.6	3.2	32.26	17.27	8.38	0.0038	0	0	0	0	0	0	0	0
MUS FLD PNK	0	2.4	5	20	3.6	3.2	32.26	17.27	8.38	0.0038	0	0	0	0	0	0	0	0
MUS FLD RED	0	2.4	5	20	3.6	3.2	32.26	17.27	8.38	0.0038	0	0	0	0	0	0	0	0
MUS FLD WH	0	2.4	5	20	3.6	3.2	32.26	17.27	8.38	0.0038	0	0	0	0	0	0	0	0
MUS FLD YLW	0	2.4	5	20	3.6	3.2	32.26	17.27	8.38	0.0038	0	0	0	0	0	0	0	0
MUS FLD HD ACC BLK	0	4.8	5	21.5	7.4	4.5	32.26	17.27	16.76	0.0117	0	0	0	0	0	0	0	0
MUS FLD HD ACC BLU	0	4.8	20	21.5	7.4	4.5	32.26	17.27	16.76	0.0117	0	0	0	0	0	0	0	0
MUS FLD HD ACC PNK	0	4.8	20	21.5	7.4	4.5	32.26	17.27	16.76	0.0117	0	0	0	0	0	0	0	0
MUS FLD HD ACC WH	0	4.8	20	21.5	7.4	4.5	32.26	17.27	16.76	0.0117	0	0	0	0	0	0	0	0
MUS MH	0	4.8	20	24	17	4	32.26	17.27	16.76	0.0267	0	0	0	0	0	0	0	0
MUS CLIP 1PC	0	0.96	0.96	7	4	1	10.16	10.16	15.24	0.0005	0	0	0	0	0	0	0	0
MUS CLIP 2PCs	0	0.09	0.25	7	4	2	10.16	10.16	1.78	0.0009	0	0	0	0	0	0	0	0
MX 12CH	0	4.8	20	22	17	4	32.26	17.27	16.76	0.0245	0	0	0	0	0	0	0	0
MX 16CH	0	4.8	20	26.8	17.5	4	32.26	17.27	16.76	0.0307	0	0	0	0	0	0	0	0
MX 24CH	0	4.8	20	36	18	5	32.26	17.27	16.76	0.0531	0	0	0	0	0	0	0	0
MX 6CH	0	4.8	20	17	15	4	32.26	17.27	16.76	0.0167	0	0	0	0	0	0	0	0
MX 8CH	0	4.8	20	17	17	3.5	32.26	17.27	16.76	0.0166	0	0	0	0	0	0	0	0
MX 4CH	0	2.4	5	9	8	3	32.26	17.27	8.38	0.0035	0	0	0	0	0	0	0	0
MX 4CH ORG	0	2.4	5	9	8	3	32.26	17.27	8.38	0.0035	0	0	0	0	0	0	0	0
MX 4CH 2MIC GLD	0	4.8	5	13.7	13	3.5	32.26	17.27	16.76	0.0102	0	0	0	0	0	0	0	0
MX 12CH XU	0	4.8	20	18.5	15.7	7.2	32.26	17.27	16.76	0.0343	0	0	0	0	0	0	0	0
MX 16CH XU	0	4.8	20	22	21	9	32.26	17.27	16.76	0.0681	0	0	0	0	0	0	0	0
MX 20CH XU	0	4.8	20	22	21	9	32.26	17.27	16.76	0.0681	0	0	0	0	0	0	0	0
MX 24CH XU	0	27.3	30	28.7	22	7.5	0	0	0	0.0776	0	0	0	0	0	0	0	0
MX 12CH L	0	4.8	20	21	16	6.5	32.26	17.27	16.76	0.0358	0	0	0	0	0	0	0	0
MX 16CH L	0	4.8	20	26.7	17.4	8	32.26	17.27	16.76	0.0609	0	0	0	0	0	0	0	0
MX 24CH L	0	22.8	20	35.5	17.5	8	0	0	0	0.0814	0	0	0	0	0	0	0	0
MX 8CH L	0	4.8	20	17	16.5	7	32.26	17.27	16.76	0.0322	0	0	0	0	0	0	0	0
MIC WHITEY	0	0.96	0.96	9	4	3	10.16	10.16	15.24	0.0016	0	0	0	0	0	0	0	0
ND 235X	0	2.4	5	10	4.5	3	32.26	17.27	8.38	0.0022	0	0	0	0	0	0	0	0
ND 3200X	0	2.4	5	11.3	5	3	32.26	17.27	8.38	0.0028	0	0	0	0	0	0	0	0
ND 58	0	2.4	5	0	0	0	32.26	17.27	8.38	0.0022	0	0	0	0	0	0	0	0
ND 58 A	0	0	0	0	0	0	0	0	0	0	0	0	0	0	0	0	0	0
ND 58 BLK	0	2.4	5	10	4.5	3	32.26	17.27	8.38	0.0022	0	0	0	0	0	0	0	0
ND 58 BLU	0	2.4	5	10.5	5.3	3.5	32.26	17.27	8.38	0.0032	0	0	0	0	0	0	0	0
ND 58 PG	0	0	0	0	0	0	0	0	0	0	0	0	0	0	0	0	0	0
ND 58 SWCH	0	0	0	0	0	0	0	0	0	0	0	0	0	0	0	0	0	0
ND 909 CHROME	0	2.4	5	10	4.5	3	32.26	17.27	8.38	0.0022	46	26	37.8	0.0452088	20	0.00226044	0	11.3
ND-32 ARMEX	0	2.4	5	11.5	5	3.2	32.26	17.27	8.38	0.003	0	0	0	0	0	0	0	0
ND-7800X	0	2.4	5	10	4.5	3	32.26	17.27	8.38	0.0022	0	0	0	0	0	0	0	0
ND-57X	0	2.4	5	9.8	4.5	3	32.26	17.27	8.38	0.0022	46	26	37.8	0.0452088	20	0.00226044	0	11.2
ND-58	0	2.4	5	10	4.5	3	32.26	17.27	8.38	0.0022	0	0	0	0	0	0	0	0
PC 1001	0	0.09	0.25	7.5	6	0.5	10.16	10.16	1.78	0.0004	0	0	0	0	0	0	0	0
PC 1001 2 Pcs	0	0.32	0.5	7.5	6	1	12.7	8.89	2.54	0.0007	0	0	0	0	0	0	0	0
PC 1002	0	0.32	0.5	7.5	6	0.5	12.7	8.89	2.54	0.0004	0	0	0	0	0	0	0	0
PC 1002 2Pcs	0	0.32	0.5	7.5	6	1	12.7	8.89	2.54	0.0007	0	0	0	0	0	0	0	0
PL 1001	0	0.09	0.25	7.5	6	0.5	10.16	10.16	1.78	0.0004	0	0	0	0	0	0	0	0
PL 1001 2 Pcs	0	0.32	0.5	7.5	6	1	12.7	8.89	2.54	0.0007	0	0	0	0	0	0	0	0
PL 1002	0	0.58	0.5	7.5	6	0.5	22.86	3.81	1.27	0.0004	0	0	0	0	0	0	0	0
PL 1002 2 Pcs	0	2.4	5	7.5	6	1	32.26	17.27	8.38	0.0007	0	0	0	0	0	0	0	0
PP 1001	0	0.09	0.25	7.5	6	0.5	10.16	10.16	1.78	0.0004	0	0	0	0	0	0	0	0
PP 1001 2 Pcs	0	0.32	0.5	7.5	6	1	12.7	8.89	2.54	0.0007	0	0	0	0	0	0	0	0
PP 1002	0	0.32	0.5	7	7	0.5	12.7	8.89	2.54	0.0004	0	0	0	0	0	0	0	0
SUH-150 1Pc	0	2.4	5	11.1	10.1	6.4	32.26	17.27	8.38	0.0118	0	0	0	0	0	0	0	0
SUH-300 1Pc	0	4.8	5	13.5	13	7.5	32.26	17.27	16.76	0.0216	0	0	0	0	0	0	0	0
UHC 150 1Pc	0	2.4	5	11.2	9.5	9.5	32.26	17.27	8.38	0.0166	0	0	0	0	0	0	0	0
UHC 150 2PCs	0	4.8	5	11.2	9.5	19	32.26	17.27	16.76	0.0331	0	0	0	0	0	0	0	0
UHC 300	0	4.8	5	12.5	12.5	12.5	32.26	17.27	16.76	0.032	0	0	0	0	0	0	0	0
WF 4INCH	0	2.4	5				32.26	17.27	8.38	0.0016	0	0	0	0	0	0	0	0
GSTOOL OVAL BLK REST	0	4.8	20	38.5	16	5.5	32.26	17.27	16.76	0.0555	0	0	0	0	0	0	0	0
GSTOOL OVAL BLU REST	0	4.8	20	38.5	16	5.5	32.26	17.27	16.76	0.0555	0	0	0	0	0	0	0	0
GSTOOL OVAL PRPL REST	0	4.8	20	38.5	16	5.5	32.26	17.27	16.76	0.0555	0	0	0	0	0	0	0	0
GSTOOL OVAL RED REST	0	4.8	20	38.5	16	5.5	32.26	17.27	16.76	0.0555	0	0	0	0	0	0	0	0
GSTOOL OVAL WH REST	0	4.8	20	38.5	16	5.5	32.26	17.27	16.76	0.0555	0	0	0	0	0	0	0	0
GSTOOL OVAL YLW REST	0	4.8	20	38.5	16	5.5	32.26	17.27	16.76	0.0555	0	0	0	0	0	0	0	0
WM SPK BLK+BLU	0	2.4	0	9	7	3	0	0	0	0.0047	0	0	0	0	0	0	0	0
PNB 480 BLK	0	4.8	20	21	19	5	32.26	17.27	16.76	0.0327	0	0	0	0	0	0	0	0
PNB 480 BR	0	4.8	20	21	19	5	32.26	17.27	16.76	0.0327	0	0	0	0	0	0	0	0
PNB 480 HPNK	0	4.8	20	21	19	5	32.26	17.27	16.76	0.0327	0	0	0	0	0	0	0	0
PNB 480 WH	0	4.8	20	21	19	5	32.26	17.27	16.76	0.0327	0	0	0	0	0	0	0	0
PM 100	0	0.96	0.96	9	4	3	10.16	10.16	15.24	0.0018	0	0	0	0	0	0	0	0
PM 100 2PCS	0	2.4	5	4	6	9	32.26	17.27	8.38	0.0035	0	0	0	0	0	0	0	0
PM 111 CH	0	0.96	0.96	9	4	3	10.16	10.16	15.24	0.0018	0	0	0	0	0	0	0	0
PM 111 CH 2PCS	0	2.4	5	4	6	9	32.26	17.27	8.38	0.0035	0	0	0	0	0	0	0	0
PM 18	0	0.96	0.96	9	4	3	10.16	10.16	15.24	0.0018	0	0	0	0	0	0	0	0
PM 18 2PCS	0	2.4	5	4	6	9	32.26	17.27	8.38	0.0035	0	0	0	0	0	0	0	0
PM 1O1 BLK	0	0.96	0.96	9	4	3	10.16	10.16	15.24	0.0018	0	0	0	0	0	0	0	0
PM 1O1 BLK 2PCS	0	2.4	5	4	6	9	32.26	17.27	8.38	0.0035	0	0	0	0	0	0	0	0
PM 286 BLU	0	0.58	0.5	10	4	4	22.86	3.81	1.27	0.0026	0	0	0	0	0	0	0	0
PM 286 WH	0	0.58	0.5	10	4	4	22.86	3.81	1.27	0.0026	0	0	0	0	0	0	0	0
PM 286 WH 2PCS	0	2.4	5	10	4	8	32.26	17.27	8.38	0.0052	0	0	0	0	0	0	0	0
PM 301	0	0.58	0.5	8.5	4	3	22.86	3.81	1.27	0.0017	0	0	0	0	0	0	0	0
PM 301 2PCS	0	2.4	5	8.5	6	4	32.26	17.27	8.38	0.0033	0	0	0	0	0	0	0	0
PM 305	0	0.96	0.96	9	4	2.5	10.16	10.16	15.24	0.0015	0	0	0	0	0	0	0	0
PM 305 2PCS	0	2.4	5	9	4	5	32.26	17.27	8.38	0.0029	0	0	0	0	0	0	0	0
PM 600	0	0.96	0.96	9	4	3	10.16	10.16	15.24	0.0018	0	0	0	0	0	0	0	0
PM 600 2PCS	0	2.4	5	4	6	9	32.26	17.27	8.38	0.0035	0	0	0	0	0	0	0	0
PM 608	0	0.96	0.96	9	4	3	10.16	10.16	15.24	0.0018	0	0	0	0	0	0	0	0
PM 608 2PCS	0	2.4	5	4	6	9	32.26	17.27	8.38	0.0035	0	0	0	0	0	0	0	0
PM 757	0	0.96	0.96	9	4	3	10.16	10.16	15.24	0.0018	0	0	0	0	0	0	0	0
PM 757 2PCS	0	2.4	5	4	6	9	32.26	17.27	8.38	0.0035	0	0	0	0	0	0	0	0
PM 816	0	0.96	0.96	9	4	3	10.16	10.16	15.24	0.0018	0	0	0	0	0	0	0	0
PM 816 2PCS	0	2.4	5	4	6	9	32.26	17.27	8.38	0.0035	0	0	0	0	0	0	0	0
PM 817 CH	0	0.96	0.96	9	4	3	10.16	10.16	15.24	0.0018	0	0	0	0	0	0	0	0
PM 817 CH 2PCS	0	2.4	5	4	6	9	32.26	17.27	8.38	0.0035	0	0	0	0	0	0	0	0
PM-286 2PCS	0	2.4	5	5	6	11.5	32.26	17.27	8.38	0.0057	0	0	0	0	0	0	0	0
PM-66K 1 Pair	0	0.96	0.96	10.5	6	2.5	10.16	10.16	15.24	0.0026	0	0	0	0	0	0	0	0
PM-883 2PCS	0	2.4	5	4	6	9	32.26	17.27	8.38	0.0035	0	0	0	0	0	0	0	0
PMX 12CH	0	31.4	35	21.5	14.5	14.3	0	0	0	0.0731	0	0	0	0	0	0	0	0
PNB B-REST BLK	0	4.8	20	19.8	15.3	7.8	32.26	17.27	16.76	0.0387	0	0	0	0	0	0	0	0
PNB B-REST BLU	0	4.8	20	19.8	15.3	7.8	32.26	17.27	16.76	0.0387	0	0	0	0	0	0	0	0
PNB B-REST PNK	0	4.8	20	19.8	15.3	7.8	32.26	17.27	16.76	0.0387	0	0	0	0	0	0	0	0
PNB B-REST WH	0	4.8	20	19.8	15.3	7.8	32.26	17.27	16.76	0.0387	0	0	0	0	0	0	0	0
PNB DT BLK	0	39	39	47.5	14.3	8.5	0	0	0	0.0946	0	0	0	0	0	0	0	0
PNB DT BR	0	39	39	47.5	14.3	8.5	0	0	0	0.0946	0	0	0	0	0	0	0	0
PNB DT CML BRWN	0	39	39	47.5	14.3	8.5	0	0	0	0.0946	0	0	0	0	0	0	0	0
PNB DT HT PNK	0	39	39				0	0	0	0.0946	0	0	0	0	0	0	0	0
PNB DT PNK	0	39	39	47.5	14.3	8.5	0	0	0	0.0946	0	0	0	0	0	0	0	0
PNB DT WH	0	39	39	47.5	14.3	8.5	0	0	0	0.0946	0	0	0	0	0	0	0	0
PNB WD HD BLK	0	22.35	20	26	14	8.5	0	0	0	0.0507	0	0	0	0	0	0	0	0
PNB WD HD BR	0	22.35	20	26	14	8.5	0	0	0	0.0507	0	0	0	0	0	0	0	0
PNB WD HD CHRY	0	22.35	22.35	26	14	8.5	0	0	0	0.0507	0	0	0	0	0	0	0	0
PNB WD HD CML BR	0	22.35	20	26	14	8.5	0	0	0	0.0507	0	0	0	0	0	0	0	0
PNB WD HD PNK	0	22.35	20	26	14	8.5	0	0	0	0.0507	0	0	0	0	0	0	0	0
PNB WD HD WH	0	22.35	20	26	14	8.5	0	0	0	0.0507	0	0	0	0	0	0	0	0
POP Y	0	2.4	5	10.5	7	5	32.26	17.27	8.38	0.006	0	0	0	0	0	0	0	0
PS 01 BLK	0	2.4	5	12	4	2	32.26	17.27	8.38	0.0016	0	0	0	0	0	0	0	0
PS 01 WH	0	2.4	5	12	4	2	32.26	17.27	8.38	0.0016	0	0	0	0	0	0	0	0
PS FLR RB BLK	0	4.8	20	28	13.5	2	32.26	17.27	16.76	0.0124	0	0	0	0	0	0	0	0
PS RB 135 BLK	0	0	0	0	0	0	0	0	0	0	0	0	0	0	0	0	0	0
PS RB 135 WH	0	0	0	0	0	0	0	0	0	0	0	0	0	0	0	0	0	0
PS RB 167 BLK	0	0	0	0	0	0	0	0	0	0	0	0	0	0	0	0	0	0
PS RB 167 WH	0	0	0	0	0	0	0	0	0	0	0	0	0	0	0	0	0	0
PS SQB 135 BLK	0	0	0	0	0	0	0	0	0	0	0	0	0	0	0	0	0	0
PS SQB 135 WH	0	0	0	0	0	0	0	0	0	0	0	0	0	0	0	0	0	0
PS SQB 167 BLK	0	0	0	0	0	0	0	0	0	0	0	0	0	0	0	0	0	0
PS SQB 167 WH	0	0	0	0	0	0	0	0	0	0	0	0	0	0	0	0	0	0
PS WHLS BLK	0	4.8	8.82	60	3.35	4.6	32.26	17.27	16.76	0.0152	0	0	0	0	0	0	0	0
PS WHLS WH	0	4.8	8.28	60	3.35	4.6	32.26	17.27	16.76	0.0152	0	0	0	0	0	0	0	0
MS RBS BOOM	0	2.4	5	6.8	5.5	2.5	32.26	17.27	8.38	0.0015	0	0	0	0	40	0	0	50.6
MS RBS BOOM 2 PCS	0	2.4	5	6.8	5.5	5	32.26	17.27	8.38	0.0031	0	0	0	0	0	0	0	0
RTRO MIC BLK	0	2.4	5	10	4.7	3	32.26	17.27	8.38	0.0023	10	10	10	0.001	0	0	0	0
RTRO MIC CH BLK	0	2.4	5	9.5	4.5	3	32.26	17.27	8.38	0.0021	10	10	10	0.001	0	0	0	0
RTRO MIC CH BLK-BLU	0	2.4	5	9.5	4.5	3	32.26	17.27	8.38	0.0021	10	10	10	0.001	0	0	0	0
RTRO MIC CH BLK-RED	0	2.4	5	9.5	4.5	3	32.26	17.27	8.38	0.0021	10	10	10	0.001	0	0	0	0
RTRO MIC CH BLU	0	2.4	5	9.5	4.5	3	32.26	17.27	8.38	0.0021	10	10	10	0.001	0	0	0	0
RTRO MIC CH RED	0	2.4	5	9.5	4.5	3	32.26	17.27	8.38	0.0021	10	10	10	0.001	0	0	0	0
RTRO MIC COPPER	0	2.4	5	9.5	4.5	3	32.26	17.27	8.38	0.0021	10	10	10	0.001	0	0	0	0
RTRO MIC GLD	0	2.4	5	9.5	4.5	3	32.26	17.27	8.38	0.0021	10	10	10	0.001	0	0	0	0
RTRO MIC RED	0	2.4	5	10	4.7	3	32.26	17.27	8.38	0.0023	10	10	10	0.001	0	0	0	0
RTRO MIC RSE GLD	0	2.4	5	10	4.7	3	32.26	17.27	8.38	0.0023	10	10	10	0.001	0	0	0	0
RTRO MIC WH	0	2.4	5	10	4.7	3	32.26	17.27	8.38	0.0023	10	10	10	0.001	0	0	0	0
RM 7 BG	0	2.4	5	17	8.5	2.5	32.26	17.27	8.38	0.0059	0	0	0	0	0	0	0	0
RM 8 BG	0	4.8	5	16	11	2.5	32.26	17.27	16.76	0.0072	0	0	0	0	0	0	0	0
SDS CH	0	4.8	0	0	0	0	32.26	17.27	16.76	0.0096	0	0	0	0	0	0	0	0
SNARE MIC BLK	0	2.4	5	6	6	3	32.26	17.27	8.38	0.0018	0	0	0	0	0	0	0	0
SNARE XP	0	2.4	5	10	6.3	3	32.26	17.27	8.38	0.0031	0	0	0	0	0	0	0	0
SNARE XP COPPEREX	0	2.4	5	10	6	3	32.26	17.27	8.38	0.0029	0	0	0	0	0	0	0	0
solder wire 5 pcs	0	0.32	0.5	6	5	2.5	12.7	8.89	2.54	0.0012	0	0	0	0	0	0	0	0
bass tube 08-01	0	0	0				0	0	0	0	0	0	0	0	0	0	0	0
combo CL + Amp	0	0	0				0	0	0	0	0	0	0	0	0	0	0	0
Combo PA Horn	0	0	0				0	0	0	0	0	0	0	0	0	0	0	0
computer spk	0	0	0				0	0	0	0	0	0	0	0	0	0	0	0
DJ Lgt Stand Array	0	0	0				0	0	0	0	0	0	0	0	0	0	0	0
MUS MH Hand	0	0	0				0	0	0	0	0	0	0	0	0	0	0	0
rack stand covered	0	0	0				0	0	0	0	0	0	0	0	0	0	0	0
TV soundbar	0	0	0				0	0	0	0	0	0	0	0	0	0	0	0
WF 12170 4OHM	0	0	0				0	0	0	0	0	0	0	0	0	0	0	0
WF 12170 4OHM 2PCS	0	0	0				0	0	0	0	0	0	0	0	0	0	0	0
SPKN BGO 6PK	0	0.32	0.5	4	2	0.5	12.7	8.89	2.54	0.0001	0	0	0	0	0	0	0	0
SPKN BLU 2PCS	0	0.09	0.25	4	2	0.5	10.16	10.16	1.78	0.0001	0	0	0	0	0	0	0	0
SPKN BLU 4PCS	0	0.32	0.5	0	0	0	12.7	8.89	2.54	0.0001	0	0	0	0	0	0	0	0
SPKN BLU 6PCS	0	0.32	0.5	4	2	0.5	12.7	8.89	2.54	0.0001	0	0	0	0	0	0	0	0
SPKN BRY 6PK	0	0.32	0.5	4	2	0.5	12.7	8.89	2.54	0.0001	0	0	0	0	0	0	0	0
SPKN GRN 4PCS	0	0.32	0.5	0	0	0	12.7	8.89	2.54	0.0001	0	0	0	0	0	0	0	0
SPKN ORG 4PCS	0	0.32	0.5	0	0	0	12.7	8.89	2.54	0.0001	0	0	0	0	0	0	0	0
SPKN RED 4PCS	0	0.32	0.5	0	0	0	12.7	8.89	2.54	0.0001	0	0	0	0	0	0	0	0
SPKN YLW 4PCS	0	0.32	0.5	0	0	0	12.7	8.89	2.54	0.0001	0	0	0	0	0	0	0	0
SPKN ADP 2PCS	0	0.09	0.25	4	2	0.5	10.16	10.16	1.78	0.0001	0	0	0	0	0	0	0	0
SPKN ADP BLU 2PCS	0	0.09	0.25	0	0	0	10.16	10.16	1.78	0.0001	0	0	0	0	0	0	0	0
SPKN ADP GRN 2PCS	0	0.09	0.25	0	0	0	10.16	10.16	1.78	0.0001	0	0	0	0	0	0	0	0
SPKN ADP ORG 2PCS	0	0.09	0.25	0	0	0	10.16	10.16	1.78	0.0001	0	0	0	0	0	0	0	0
SPKN ADP RED 2PCS	0	0.09	0.25	0	0	0	10.16	10.16	1.78	0.0001	0	0	0	0	0	0	0	0
SPKN ADP YLW 2PCS	0	0.09	0.25	0	0	0	10.16	10.16	1.78	0.0001	0	0	0	0	0	0	0	0
SPONGE	0	0.09	0.25	8	4	0.5	10.16	10.16	1.78	0.0003	0	0	0	0	0	0	0	0
SS HD CRANK	0	4.8	20	46	7.5	7	32.26	17.27	16.76	0.0396	0	0	0	0	0	0	0	0
SS ECO 1PK BLK WoB	0	4.8	5	35	5	4.8	32.26	17.27	16.76	0.0138	0	0	0	0	0	0	0	0
SS ECO 1PK ORG WoB	0	4.8	5	35	5	4.8	32.26	17.27	16.76	0.0138	0	0	0	0	0	0	0	0
SS ECO 1PK RED WoB	0	4.8	5	35	5	4.8	32.26	17.27	16.76	0.0138	0	0	0	0	0	0	0	0
SS ECO 1PK SKY BLU WoB	0	4.8	5	35	5	4.8	32.26	17.27	16.76	0.0138	0	0	0	0	0	0	0	0
SS ECO 1PK WH WoB	0	4.8	5	35	5	4.8	32.26	17.27	16.76	0.0138	0	0	0	0	0	0	0	0
SS ECO 1PK YLW WoB	0	4.8	5	35	5	4.8	32.26	17.27	16.76	0.0138	0	0	0	0	0	0	0	0
SS ECO 2PK BLK WoB	0	4.8	10	35	10	4.8	32.26	17.27	16.76	0.0275	0	0	0	0	0	0	0	0
SS ECO 2PK ORG WoB	0	4.8	10	35	10	4.8	32.26	17.27	16.76	0.0275	0	0	0	0	0	0	0	0
SS ECO 2PK RED WoB	0	4.8	10	35	10	4.8	32.26	17.27	16.76	0.0275	0	0	0	0	0	0	0	0
SS ECO 2PK SKY BLU WoB	0	4.8	10	35	10	4.8	32.26	17.27	16.76	0.0275	0	0	0	0	0	0	0	0
SS ECO 2PK WH WoB	0	4.8	10	35	10	4.8	32.26	17.27	16.76	0.0275	0	0	0	0	0	0	0	0
SS ECO 2PK YLW WoB	0	4.8	10	35	10	4.8	32.26	17.27	16.76	0.0275	0	0	0	0	0	0	0	0
SS HD 1 PK D- BLU BAG	0	4.8	20	35	5	4.8	32.26	17.27	16.76	0.0138	0	0	0	0	0	0	0	0
SS HD 1 PK ORG BAG	0	4.8	20	35	5	4.8	32.26	17.27	16.76	0.0138	0	0	0	0	0	0	0	0
SS HD 1 PK RED BAG	0	4.8	20	35	5	4.8	32.26	17.27	16.76	0.0138	0	0	0	0	0	0	0	0
SS HD 1 PK SKY BLU BAG	0	4.8	20	35	5	4.8	32.26	17.27	16.76	0.0138	0	0	0	0	0	0	0	0
SS HD 1 PK WH BAG	0	4.8	20	35	5	4.8	32.26	17.27	16.76	0.0138	0	0	0	0	0	0	0	0
SS HD 1 PK YLW BAG	0	4.8	20	35	5	4.8	32.26	17.27	16.76	0.0138	0	0	0	0	0	0	0	0
SS HD 1PK BLK BAG	0	4.8	20	35	5	4.8	32.26	17.27	16.76	0.0138	0	0	0	0	0	0	0	0
SS HD 1 PK 4.5 FT BLK WOB	0	4.8	5.3	28	5	5	32.26	17.27	16.76	0.0115	0	0	0	0	0	0	0	0
SS HD 1 PK 4.5 FT D BLU WOB	0	4.8	5.3	28	5	5	32.26	17.27	16.76	0.0115	0	0	0	0	0	0	0	0
SS HD 1 PK 4.5 FT GR WOB	0	4.8	5.3	28	5	5	32.26	17.27	16.76	0.0115	0	0	0	0	0	0	0	0
SS HD 1 PK 4.5 FT ORG WOB	0	4.8	5.3	28	5	5	32.26	17.27	16.76	0.0115	0	0	0	0	0	0	0	0
SS HD 1 PK 4.5 FT RED WOB	0	4.8	5.3	28	5	5	32.26	17.27	16.76	0.0115	0	0	0	0	0	0	0	0
SS HD 1 PK 4.5 FT SKY BLU WOB	0	4.8	5.3	28	5	5	32.26	17.27	16.76	0.0115	0	0	0	0	0	0	0	0
SS HD 1 PK 4.5 FT WH WOB	0	4.8	5.3	28	5	5	32.26	17.27	16.76	0.0115	0	0	0	0	0	0	0	0
SS HD 1 PK 4.5 FT YLW WOB	0	4.8	5.3	28	5	5	32.26	17.27	16.76	0.0115	0	0	0	0	0	0	0	0
SS HD 1PK 5FT	0	4.8	0				32.26	17.27	16.76	0.0107	0	0	0	0	0	0	0	0
SS HD 1PK BLK WOB	0	4.8	20	35	5	4.8	32.26	17.27	16.76	0.0138	0	0	0	0	0	0	0	0
SS HD 1PK ORG WOB	0	4.8	20	35	5	4.8	32.26	17.27	16.76	0.0138	0	0	0	0	0	0	0	0
SS HD 1PK 4FT	0	4.8	5	28	5	5	32.26	17.27	16.76	0.0115	0	0	0	0	0	0	0	0
SS HD 1PK ORG 4FT	0	4.8	20	28	5	5	32.26	17.27	16.76	0.0115	0	0	0	0	0	0	0	0
SS HD 1PK SKY BLU 4FT	0	4.8	5	28	5	5	32.26	17.27	16.76	0.0115	0	0	0	0	0	0	0	0
SS HD 2 PK 4.5 FT BLK WB	0	4.8	20	36	9	5	32.26	17.27	16.76	0.0265	0	0	0	0	0	0	0	0
SS HD 2 PK 4.5 FT D BLU WB	0	4.8	20	36	9	5	32.26	17.27	16.76	0.0265	0	0	0	0	0	0	0	0
SS HD 2 PK 4.5 FT GR WB	0	4.8	20	36	9	5	32.26	17.27	16.76	0.0265	0	0	0	0	0	0	0	0
SS HD 2 PK 4.5 FT ORG WB	0	4.8	20	36	9	5	32.26	17.27	16.76	0.0265	0	0	0	0	0	0	0	0
SS HD 2 PK 4.5 FT RED WB	0	4.8	20	36	9	5	32.26	17.27	16.76	0.0265	0	0	0	0	0	0	0	0
SS HD 2 PK 4.5 FT SKY BLU WB	0	4.8	20	36	9	5	32.26	17.27	16.76	0.0265	0	0	0	0	0	0	0	0
SS HD 2 PK 4.5 FT WH WB	0	4.8	20	36	9	5	32.26	17.27	16.76	0.0265	0	0	0	0	0	0	0	0
SS HD 2 PK 4.5 FT YLW WB	0	4.8	20	36	9	5	32.26	17.27	16.76	0.0265	0	0	0	0	0	0	0	0
SS HD 2 PK D BLU BAG	0	4.8	20	35.3	9.3	5.4	32.26	17.27	16.76	0.0291	0	0	0	0	0	0	0	0
SS HD 2 PK RED BAG	0	4.8	20	35.3	9.3	5.4	32.26	17.27	16.76	0.0291	0	0	0	0	0	0	0	0
SS HD 2 PK SKY BLU BAG	0	4.8	20	35.3	9.3	5.4	32.26	17.27	16.76	0.0291	0	0	0	0	0	0	0	0
SS HD 2 PK WH BAG	0	4.8	20	35.3	9.3	5.4	32.26	17.27	16.76	0.0291	0	0	0	0	0	0	0	0
SS HD 2 PK YLW BAG	0	4.8	20	35.3	9.3	5.4	32.26	17.27	16.76	0.0291	0	0	0	0	0	0	0	0
SS HD 2PK BLK BAG	0	4.8	20	35.3	9.3	5.4	32.26	17.27	16.76	0.0291	0	0	0	0	0	0	0	0
SS HD 2PK ORG BAG	0	4.8	20	35.3	9.3	5.4	32.26	17.27	16.76	0.0291	0	0	0	0	0	0	0	0
SS HD 2PK BLK WOB	0	4.8	20	35.3	9.3	5.4	32.26	17.27	16.76	0.0291	0	0	0	0	0	0	0	0
SS HD 2PK ORG WOB	0	4.8	20	35.3	9.3	5.4	32.26	17.27	16.76	0.0291	0	0	0	0	0	0	0	0
SS HD 2PK SKY BLU WoB	0	4.8	20				32.26	17.27	16.76	0.0291	0	0	0	0	0	0	0	0
SS HD 2PK 4FT WB	0	4.8	20	36	9	5	32.26	17.27	16.76	0.0265	0	0	0	0	0	0	0	0
SS HD 2PK ORG 4FT BAG	0	4.8	20	36	9	5	32.26	17.27	16.76	0.0265	0	0	0	0	0	0	0	0
SS HD 2PK SKY BLU 4FT BAG	0	4.8	20	36	9	5	32.26	17.27	16.76	0.0265	0	0	0	0	0	0	0	0
SS HD 1PK 3FT BLK WoB	0	4.8	5	18.5	5.5	4.7	32.26	17.27	16.76	0.0078	0	0	0	0	0	0	0	0
SS HD 1PK 3FT BLU WoB	0	4.8	5	18.5	5.5	4.7	32.26	17.27	16.76	0.0078	0	0	0	0	0	0	0	0
SS HD 1PK 3FT RED WoB	0	4.8	5	18.5	5.5	4.7	32.26	17.27	16.76	0.0078	0	0	0	0	0	0	0	0
SS HD 1PK 3FT WH WoB	0	4.8	5	18.5	5.5	4.7	32.26	17.27	16.76	0.0078	0	0	0	0	0	0	0	0
SS HD 1PK 3FT YLW WoB	0	4.8	5	18.5	5.5	4.7	32.26	17.27	16.76	0.0078	0	0	0	0	0	0	0	0
SS HD 2PK 3FT BLK BAG	0	4.8	6.95	5.5	17.75	9	32.26	17.27	16.76	0.0144	0	0	0	0	0	0	0	0
SS HD 2PK 3FT BLU BAG	0	4.8	6.95				32.26	17.27	16.76	0.0144	0	0	0	0	0	0	0	0
SS HD 2PK 3FT RED BAG	0	4.8	6.95	5.5	17.75	9	32.26	17.27	16.76	0.0144	0	0	0	0	0	0	0	0
SS HD 2PK 3FT WH BAG	0	4.8	6.95	5.5	17.75	9	32.26	17.27	16.76	0.0144	0	0	0	0	0	0	0	0
SS HD 2PK 3FT YLW BAG	0	4.8	6.95	5.5	17.75	9	32.26	17.27	16.76	0.0144	0	0	0	0	0	0	0	0
SS HD LGT	0	4.8	20	39.2	6.3	5.5	32.26	17.27	16.76	0.0223	0	0	0	0	0	0	0	0
SS HD LGT 2 PCS	0	4.8	20	39.2	12.6	5.5	32.26	17.27	16.76	0.0445	0	0	0	0	0	0	0	0
SS SQ BLK	0	22.04	23.36	90	23	13	0	0	0	0.441	0	0	0	0	0	0	0	0
SS SQ WH	0	22.04	23.36	90	23	13	0	0	0	0.441	0	0	0	0	0	0	0	0
SS TRI BASE 55 BLK	0	4.8	18.9	26.3	18.5	4.8	32.26	17.27	16.76	0.0383	0	0	0	0	0	0	0	0
SS TRI BASE 55 WH	0	4.8	18.9	26.3	18.5	4.8	32.26	17.27	16.76	0.0383	0	0	0	0	0	0	0	0
SS TRI BASE 64 BLK	0	4.8	19.84	26.3	18.5	4.8	32.26	17.27	16.76	0.0383	0	0	0	0	0	0	0	0
SS TRI BASE 64 WH	0	4.8	19.84	26.3	18.5	4.8	32.26	17.27	16.76	0.0383	0	0	0	0	0	0	0	0
SS TRI BASE BLK	0	4.8	20	26.3	18.5	4.8	32.26	17.27	16.76	0.0383	0	0	0	0	0	0	0	0
SSHD HYD AIR BLK	0	4.8	20	43.5	6	6	32.26	17.27	16.76	0.0257	0	0	0	0	0	0	0	0
UKS 1SET (4PCS)	0	0.09	0.25	4.5	4.3	0.3	10.16	10.16	1.78	0.0001	0	0	0	0	0	0	0	0
SW L BLK 5PCS	0	0.09	0.25	7	5.5	1.5	10.16	10.16	1.78	0.0009	0	0	0	0	0	0	0	0
SW L RED 5PCS	0	0.09	0.25	7	5.5	1.5	10.16	10.16	1.78	0.0009	0	0	0	0	0	0	0	0
SW S RED 6 PCS	0	0.09	0.25	7	5.5	1.5	10.16	10.16	1.78	0.0009	0	0	0	0	0	0	0	0
SUH-400 1Pc	0	4.8	5	20	20	8	32.26	17.27	16.76	0.0524	0	0	0	0	0	0	0	0
TABLA MIC 2XP	0	2.4	5	10.2	7.5	3.4	32.26	17.27	8.38	0.0043	0	0	0	0	0	0	0	0
TABLA MIC 2XP COPPEREX	0	2.4	5	10	6	3	32.26	17.27	8.38	0.0029	0	0	0	0	0	0	0	0
TABLA MIC BLK	0	2.4	5	6	6	3	32.26	17.27	8.38	0.0018	0	0	0	0	0	0	0	0
TABLA MIC GREY	0	2.4	5	6	6	3	32.26	17.27	8.38	0.0018	0	0	0	0	0	0	0	0
TFS SQ BLK	0	0	0	0	0	0	0	0	0	0	0	0	0	0	0	0	0	0
TFS SQ WH	0	0	0	0	0	0	0	0	0	0	0	0	0	0	0	0	0	0
TBMS 80 HD	0	4.8	20	21	5.5	5	32.26	17.27	16.76	0.0095	0	0	0	0	0	0	0	0
TBMS 80 HD 2PCs	0	4.8	20	21	5.5	10	32.26	17.27	16.76	0.0189	0	0	0	0	0	0	0	0
TBMS LP 01	0	0	0	0	0	0	0	0	0	0	0	0	0	0	0	0	0	0
TOM MIC BLK	0	2.4	5	6	6	3	32.26	17.27	8.38	0.0018	0	0	0	0	0	0	0	0
TOM MIC GREY	0	2.4	5	6	6	3	32.26	17.27	8.38	0.0018	0	0	0	0	0	0	0	0
TOM XP	0	2.4	5	10	7.5	3.5	32.26	17.27	8.38	0.0043	0	0	0	0	0	0	0	0
TOM XP COPPEREX	0	2.4	5	10	6	3	32.26	17.27	8.38	0.0029	0	0	0	0	0	0	0	0
TW 303 SQ 4PCS	0	0.96	0.96	12	3	2.3	10.16	10.16	15.24	0.0014	0	0	0	0	0	0	0	0
TW 303 SQ 8PCS	0	2.4	5	12	6	2.3	32.26	17.27	8.38	0.0027	0	0	0	0	0	0	0	0
TW BLT 150 BLK PAIR	0	4.8	5	7.5	3.5	2.5	32.26	17.27	16.76	0.0011	0	0	0	0	0	0	0	0
TW BLT 150 CH PAIR	0	4.8	5	7.5	3.5	2.5	32.26	17.27	16.76	0.0011	0	0	0	0	0	0	0	0
TW BLT 180 BLK PAIR	0	4.8	5	8.3	4	3.2	32.26	17.27	16.76	0.0017	0	0	0	0	0	0	0	0
TW BLT 180 CH PAIR	0	2.4	5	8.3	4	3.2	32.26	17.27	8.38	0.0017	0	0	0	0	0	0	0	0
TW ND 01 1PC	0	2.4	5	5	5	4	32.26	17.27	8.38	0.0016	0	0	0	0	0	0	0	0
TW ND 01 2PCS	0	2.4	5	5	5	4	32.26	17.27	8.38	0.0016	0	0	0	0	0	0	0	0
TW ND 02 RED	0	2.4	5	5.5	3.2	2.7	32.26	17.27	8.38	0.0016	0	0	0	0	0	0	0	0
TW ND 02 RED 2 PCS	0	2.4	5	5.5	3.2	2.7	32.26	17.27	8.38	0.0008	0	0	0	0	0	0	0	0
TYPE C BLACK 5Pcs	0	0.09	0.25	4	3	1	10.16	10.16	1.78	0.0002	0	0	0	0	0	0	0	0
BTUBE UNDR ST 150	0	4.8	20	15.7	13.2	5.5	32.26	17.27	16.76	0.0187	0	0	0	0	0	0	0	0
BTUBE UNDR ST 150 LGT	0	4.8	20	16	13	5.5	32.26	17.27	16.76	0.0187	0	0	0	0	0	0	0	0
VGA 1001	0	0.09	0.25	6.5	1	1	10.16	10.16	1.78	0.0001	0	0	0	0	0	0	0	0
2U1O-C-1	0	0.09	0.25				10.16	10.16	1.78	0.0002	0	0	0	0	0	0	0	0
UTA 3USB BLK	0	0.09	0.25				10.16	10.16	1.78	0	0	0	0	0	0	0	0	0
Window	0	4.8	20	13	12	4	32.26	17.27	16.76	0.0102	0	0	0	0	0	0	0	0
WS-11 5 2PCS	0	4.8	5	10	6	6	32.26	17.27	16.76	0.0059	0	0	0	0	0	0	0	0
10T G 2PCS	0	4.8	20	13	11	6.5	32.26	17.27	16.76	0.0152	0	0	0	0	0	0	0	0
15TG 1Pc	0	4.8	20	20	6.5	6.5	32.26	17.27	16.76	0.0138	0	0	0	0	0	0	0	0
15TG 2Pcs	0	4.8	20	20	13	6.5	32.26	17.27	16.76	0.0277	0	0	0	0	0	0	0	0
WF 10120 8OHM	0	4.8	5	10.5	10.5	5	32.26	17.27	16.76	0.009	0	0	0	0	0	0	0	0
WF 10120 8OHM 2PCS	0	4.8	11	10.5	10.5	10	32.26	17.27	16.76	0.0181	0	0	0	0	0	0	0	0
WF 890 DC	0	2.4	5				32.26	17.27	8.38	0.0044	0	0	0	0	0	0	0	0
WF 8120 4 OHM	0	4.8	4.65	9	8.75	4.7	32.26	17.27	16.76	0.0061	0	0	0	0	0	0	0	0
WF 8120 4 OHM 2PCS	0	4.8	9.3	9	8.75	9.4	32.26	17.27	16.76	0.0121	0	0	0	0	0	0	0	0
WF 6.5140 DBL D2	0	4.8	20	8.8	8.8	6.6	32.26	17.27	16.76	0.0084	0	0	0	0	0	0	0	0
WF 6.5140 DBL D4	0	4.8	20	8.8	8.8	6.6	32.26	17.27	16.76	0.0084	0	0	0	0	0	0	0	0
WF 8140 DBL D2	0	4.8	20	10.5	10.3	7.3	32.26	17.27	16.76	0.0129	0	0	0	0	0	0	0	0
WF 8140 DBL D4	0	4.8	20	10.5	10.3	7.3	32.26	17.27	16.76	0.0129	0	0	0	0	0	0	0	0
WM 1001	0	0.96	0.96	12	4.5	2.5	10.16	10.16	15.24	0.0022	0	0	0	0	0	0	0	0
WM 301 HC	0	2.4	5	15.5	12	3.5	32.26	17.27	8.38	0.0107	0	0	0	0	0	0	0	0
WM 301 HH	0	2.4	5	15.5	12	3.5	32.26	17.27	8.38	0.0107	0	0	0	0	0	0	0	0
WM ND 200	0	2.4	5	11	7	3	32.26	17.27	8.38	0.0038	0	0	0	0	0	0	0	0
WM SPK BLK	0	0.58	0.5	9	3.5	3	22.86	3.81	1.27	0.0015	0	0	0	0	0	0	0	0
WM SPK BLU	0	0.58	0.5	9	3.5	3	22.86	3.81	1.27	0.0015	0	0	0	0	0	0	0	0
WM SPK COPPER	0	0.58	0.5	9	3.5	3	22.86	3.81	1.27	0.0015	0	0	0	0	0	0	0	0
WM SPK GLD	0	0.58	0.5	9	3.5	3	22.86	3.81	1.27	0.0015	0	0	0	0	0	0	0	0
WM SPK PINK	0	0.58	0.5	9	3.5	3	22.86	3.81	1.27	0.0015	0	0	0	0	0	0	0	0
WM SPK COPPER+GLD	0	2.4	5	9	7	3	0	0	0	0.0047	0	0	0	0	0	0	0	0
WM SPK PNK+BLU	0	2.4	5	9	7	3	32.26	17.27	8.38	0.0031	0	0	0	0	0	0	0	0
WM UHF 02-GLD	0	2.4	5	12.2	7.5	2.5	32.26	17.27	8.38	0.0037	0	0	0	0	0	0	0	0
WM UHF 02-GRAY	0	2.4	5	12.2	7.5	2.5	32.26	17.27	8.38	0.0037	0	0	0	0	0	0	0	0
WM UHF 02-RED+BLK	0	2.4	5	12.2	7.5	2.5	32.26	17.27	8.38	0.0037	0	0	0	0	0	0	0	0
WM UHF 02-RED+GRAY	0	2.4	5	12.2	7.5	2.5	32.26	17.27	8.38	0.0037	0	0	0	0	0	0	0	0
WX-82	0	2.4	5	0	0	0	32.26	17.27	8.38	0.0026	0	0	0	0	0	0	0	0
WM UHF 04-HM	0	4.8	20	21.5	14	6	32.26	17.27	16.76	0.0296	0	0	0	0	0	0	0	0
WM UHF 06-HM	0	4.8	20	21.5	14	6	32.26	17.27	16.76	0.0296	0	0	0	0	0	0	0	0
WM UHF 08-HM	0	4.8	20	21.5	14	6	32.26	17.27	16.76	0.0296	0	0	0	0	0	0	0	0
WST 01 Pair	0	4.8	5	9	8.5	6	32.26	17.27	16.76	0.0075	0	0	0	0	0	0	0	0
WST 02 Pair	0	4.8	20	12.5	10.5	4.5	32.26	17.27	16.76	0.0097	0	0	0	0	0	0	0	0
WST 03 Pair	0	0	0	0	0	0	0	0	0	0	0	0	0	0	0	0	0	0
WST 04-11 Pair	0	2.4	5	10.6	6.5	3.6	32.26	17.27	8.38	0.0041	0	0	0	0	0	0	0	0
WST 04-15 Pair	0	4.8	5	10.5	9.6	3.7	32.26	17.27	16.76	0.0061	0	0	0	0	0	0	0	0
xlr 1 pair	0	0.09	0.25	4	2	1	10.16	10.16	1.78	0.0001	0	0	0	0	0	0	0	0
XLR 10 pair	0	0.96	0.96	10	4	2	10.16	10.16	15.24	0.0013	0	0	0	0	0	0	0	0
xlr 5 pair	0	0.32	0.5				12.7	8.89	2.54	0.0003	0	0	0	0	0	0	0	0